255 255 255 
255 255 255 
255 255 255 
255 255 255 
255 255 255 
255 255 255 
255 255 255 
255 255 255 
255 255 255 
255 255 255 
255 255 255 
255 255 255 
255 255 255 
255 255 255 
255 255 255 
190 161 95 
255 255 255 
255 255 255 
255 255 255 
255 255 255 
255 255 255 
255 255 255 
255 255 255 
255 255 255 
248 250 249 
255 255 255 
255 255 255 
255 255 255 
255 255 255 
255 255 255 
255 255 255 
255 255 255 
255 255 255 
255 255 255 
255 255 255 
255 255 255 
255 254 249 
255 255 255 
30 24 24 
255 255 255 
255 255 255 
255 255 255 
255 255 255 
255 255 255 
255 255 255 
255 255 255 
255 255 255 
255 255 255 
255 255 255 
255 255 255 
255 255 255 
255 255 255 
255 255 255 
255 255 255 
255 255 255 
32 26 26 
255 255 255 
255 255 255 
255 255 255 
255 255 255 
255 255 255 
255 255 255 
255 255 255 
255 255 255 
255 255 255 
255 255 255 
255 255 255 
255 255 255 
255 255 255 
255 255 255 
255 255 255 
255 255 255 
255 255 255 
255 255 255 
255 255 255 
255 255 255 
255 255 255 
255 255 255 
255 255 255 
255 255 255 
255 255 255 
255 255 255 
255 255 255 
255 255 255 
255 255 255 
255 255 255 
255 255 255 
255 255 255 
255 255 255 
255 255 255 
255 255 255 
255 255 255 
255 255 255 
255 255 255 
255 255 255 
255 255 255 
255 255 255 
255 255 255 
255 255 255 
255 255 255 
255 255 255 
255 255 255 
251 251 251 
255 253 254 
255 255 255 
255 255 255 
255 255 255 
255 255 255 
255 255 255 
255 255 255 
255 255 255 
255 255 255 
255 255 255 
255 255 255 
255 255 255 
255 255 255 
255 255 255 
255 255 255 
255 255 255 
255 255 255 
255 255 255 
255 255 255 
255 255 255 
255 255 255 
255 253 254 
255 255 255 
255 255 255 
255 255 255 
255 255 255 
255 255 255 
255 255 255 
255 255 255 
255 255 255 
255 255 255 
255 255 255 
255 255 255 
255 255 255 
255 255 255 
255 255 255 
30 25 22 
255 255 255 
36 31 28 
255 255 255 
255 255 255 
255 255 255 
255 255 255 
255 255 255 
255 255 255 
255 255 255 
255 255 255 
255 255 255 
255 255 255 
255 255 255 
255 255 255 
255 255 255 
255 255 255 
255 255 255 
255 255 255 
255 255 255 
255 255 255 
255 255 255 
255 255 255 
255 255 255 
255 255 255 
37 33 32 
237 236 234 
31 26 23 
255 255 255 
255 255 255 
31 26 23 
255 255 255 
255 255 255 
255 255 255 
255 255 255 
255 255 255 
33 27 27 
255 255 255 
255 255 255 
255 255 255 
29 24 21 
255 255 255 
255 255 255 
255 255 255 
255 255 255 
255 255 255 
255 255 255 
255 255 255 
255 255 255 
255 255 255 
255 255 255 
255 255 255 
255 255 255 
255 255 255 
255 255 255 
255 255 255 
255 255 255 
255 255 255 
255 255 255 
255 255 255 
255 255 255 
255 255 255 
255 255 255 
255 255 255 
255 255 255 
35 31 30 
255 255 255 
255 255 255 
255 255 255 
255 255 255 
255 255 255 
255 255 255 
255 255 255 
254 255 255 
255 255 255 
255 255 255 
255 255 255 
255 255 255 
255 255 255 
255 255 255 
253 252 248 
255 255 255 
255 255 255 
255 255 255 
255 255 255 
255 255 255 
255 255 255 
255 255 255 
255 255 255 
255 255 255 
255 255 255 
255 255 255 
255 255 255 
254 255 255 
255 255 255 
255 255 255 
254 255 255 
255 255 255 
255 255 255 
255 255 255 
255 255 255 
255 255 255 
255 255 255 
255 255 255 
255 255 255 
255 255 255 
255 255 255 
27 23 22 
255 240 235 
255 255 255 
255 255 255 
255 255 255 
255 255 255 
255 255 255 
255 255 255 
255 255 255 
255 255 255 
30 26 23 
255 255 255 
255 255 255 
255 255 255 
255 255 255 
255 255 255 
255 255 255 
34 29 26 
255 255 255 
255 255 255 
255 255 255 
255 255 255 
255 255 255 
255 255 255 
255 255 255 
255 255 255 
193 159 98 
253 255 252 
255 255 255 
255 255 255 
35 31 28 
255 255 255 
255 255 255 
31 27 26 
255 231 227 
255 255 255 
255 255 255 
255 255 255 
255 255 255 
255 255 255 
255 255 255 
255 255 255 
255 255 255 
255 255 255 
254 254 254 
255 255 255 
255 255 255 
255 255 255 
255 255 255 
255 255 255 
255 253 250 
35 31 30 
255 255 255 
255 255 255 
255 255 255 
255 255 255 
162 139 97 
255 255 255 
255 255 255 
255 255 255 
255 255 255 
255 255 255 
255 255 255 
255 255 255 
254 255 255 
31 30 26 
255 255 255 
255 255 255 
255 255 255 
255 255 255 
255 255 255 
255 255 255 
255 255 255 
255 255 255 
255 255 255 
255 255 255 
255 255 255 
255 255 255 
255 255 255 
255 255 255 
255 255 255 
255 255 255 
255 255 255 
255 255 255 
255 255 255 
255 255 255 
191 159 98 
255 255 255 
255 255 255 
255 255 255 
255 255 255 
255 255 255 
255 255 255 
255 255 255 
255 255 255 
255 255 255 
255 255 255 
255 255 255 
255 255 255 
255 255 255 
255 255 255 
255 255 255 
241 246 242 
255 255 255 
255 255 255 
255 255 255 
255 255 255 
255 255 255 
255 255 255 
255 255 255 
255 255 255 
255 255 255 
255 255 255 
255 255 255 
255 255 255 
255 255 255 
255 255 255 
255 255 255 
255 255 255 
255 255 255 
255 255 255 
255 255 255 
255 255 255 
255 255 255 
255 255 255 
255 255 255 
255 255 255 
255 255 255 
255 255 255 
255 255 255 
255 255 255 
255 255 255 
255 255 255 
255 255 255 
255 255 255 
255 255 255 
255 255 255 
255 255 255 
255 255 255 
255 255 255 
255 255 255 
255 255 255 
255 255 255 
255 255 255 
255 255 255 
255 255 255 
252 250 251 
255 255 255 
255 255 255 
255 255 255 
255 255 255 
255 255 255 
255 255 255 
255 255 255 
255 255 255 
255 255 255 
255 255 255 
255 255 255 
255 255 255 
255 255 255 
255 255 255 
255 255 255 
255 255 255 
255 255 255 
255 255 255 
255 255 255 
255 255 255 
255 255 255 
254 254 254 
255 255 255 
193 161 100 
255 255 255 
255 255 255 
191 159 98 
27 23 20 
255 255 255 
255 255 255 
255 255 255 
255 255 255 
255 255 255 
255 255 255 
255 255 255 
255 255 255 
255 255 255 
255 255 255 
255 255 255 
255 255 255 
188 160 110 
255 255 255 
255 255 255 
255 255 255 
255 255 255 
255 255 255 
255 255 255 
255 255 255 
255 255 255 
255 255 255 
255 255 255 
255 255 255 
255 255 255 
255 255 255 
255 255 255 
255 255 255 
255 255 255 
251 251 249 
255 255 255 
255 255 255 
255 255 255 
255 255 255 
255 255 255 
255 255 255 
255 255 255 
255 255 255 
255 255 255 
255 255 255 
255 255 255 
255 255 255 
255 255 255 
255 255 255 
255 255 255 
255 255 255 
255 255 255 
255 255 255 
255 255 255 
255 255 255 
255 255 255 
255 255 255 
255 255 255 
255 255 255 
255 255 255 
255 255 255 
255 255 255 
255 255 255 
255 255 255 
255 255 255 
255 255 255 
255 255 255 
255 255 255 
255 255 255 
191 159 98 
255 255 255 
253 255 254 
255 255 255 
255 255 255 
255 255 255 
255 255 255 
255 255 255 
255 255 255 
255 255 255 
255 255 255 
255 255 255 
255 255 255 
255 255 255 
255 255 255 
255 255 255 
255 255 255 
255 255 255 
255 255 255 
255 255 255 
255 255 255 
255 255 255 
255 255 255 
254 254 254 
255 255 255 
255 255 255 
255 255 255 
251 255 255 
255 255 255 
255 255 255 
255 255 255 
255 255 255 
255 255 255 
255 255 255 
255 255 255 
255 255 255 
255 255 255 
255 255 255 
255 255 255 
255 255 255 
255 255 255 
255 255 255 
255 255 255 
254 252 253 
255 255 255 
255 255 255 
255 255 255 
254 253 251 
255 255 255 
255 255 255 
255 255 255 
255 255 255 
255 255 255 
255 255 255 
255 255 255 
255 255 255 
255 255 255 
255 255 255 
255 255 255 
255 255 255 
255 255 255 
255 255 255 
255 255 255 
255 255 255 
255 255 255 
32 27 24 
255 255 255 
255 255 255 
255 255 255 
255 255 253 
255 255 255 
255 255 255 
255 255 255 
255 255 255 
255 255 255 
255 255 255 
255 255 255 
255 255 255 
255 255 255 
255 255 255 
255 255 255 
255 255 255 
255 255 255 
255 255 255 
255 255 255 
255 255 255 
255 255 255 
255 255 255 
29 28 26 
255 255 255 
255 255 255 
255 255 255 
255 255 255 
255 255 255 
255 255 255 
255 255 255 
255 255 255 
41 37 26 
255 255 255 
255 255 255 
255 255 255 
255 255 255 
255 255 255 
247 247 247 
255 255 255 
31 26 23 
255 255 255 
255 255 255 
255 255 255 
255 255 255 
255 255 255 
255 255 255 
255 255 255 
201 48 30 
255 255 255 
255 255 255 
255 255 255 
255 255 255 
255 255 255 
255 255 255 
255 255 255 
255 255 255 
255 255 255 
255 255 255 
255 255 255 
255 255 255 
255 255 255 
255 255 255 
254 252 255 
255 255 255 
246 246 246 
255 255 255 
255 255 255 
255 255 255 
255 255 255 
254 254 254 
255 255 255 
255 255 255 
255 255 255 
253 253 251 
255 255 255 
191 159 98 
89 85 84 
255 255 255 
255 255 255 
255 255 255 
255 255 255 
255 255 255 
255 255 255 
255 255 255 
255 255 255 
255 255 255 
255 255 255 
255 255 255 
47 43 40 
254 255 255 
255 255 255 
255 255 253 
255 255 255 
250 250 250 
255 255 255 
255 255 255 
255 255 255 
29 24 21 
254 255 255 
255 255 255 
255 255 255 
253 253 253 
123 119 116 
32 27 24 
255 255 255 
255 255 255 
252 250 251 
255 255 255 
255 255 255 
255 255 255 
255 255 255 
255 255 255 
255 255 255 
255 255 255 
28 27 25 
194 159 103 
255 255 255 
255 255 255 
255 255 255 
255 255 255 
255 255 255 
255 255 255 
255 255 255 
255 255 255 
255 255 255 
255 255 255 
255 255 255 
255 255 255 
255 255 255 
255 255 255 
255 255 251 
255 253 255 
255 255 255 
255 255 255 
255 255 255 
190 154 92 
28 23 20 
29 24 21 
255 255 255 
255 255 255 
255 255 255 
255 255 255 
255 255 255 
31 30 28 
255 255 255 
31 26 22 
253 251 252 
36 33 26 
255 255 255 
255 255 255 
245 244 242 
255 255 255 
255 255 255 
244 244 244 
255 255 255 
255 253 254 
255 255 255 
255 255 255 
255 255 255 
255 255 255 
255 255 255 
255 255 255 
255 255 255 
255 255 255 
255 255 255 
255 255 255 
255 255 255 
249 251 248 
255 255 255 
255 255 255 
255 255 255 
255 255 255 
255 255 255 
194 158 98 
186 154 93 
255 255 255 
191 159 98 
255 255 255 
255 255 253 
255 255 255 
255 255 255 
255 255 255 
191 159 100 
191 159 98 
255 255 255 
201 154 98 
255 255 255 
255 255 255 
255 244 247 
255 255 255 
255 255 255 
255 255 255 
255 255 255 
255 255 255 
255 255 255 
255 255 255 
255 253 254 
255 255 255 
255 255 253 
255 255 255 
255 255 255 
255 255 255 
255 255 253 
254 255 255 
255 255 255 
255 255 255 
255 255 255 
255 255 255 
255 255 253 
193 159 98 
255 255 255 
255 255 255 
255 255 255 
255 255 255 
255 255 255 
255 255 255 
255 255 255 
255 255 255 
255 255 255 
255 255 255 
255 255 255 
255 255 255 
255 255 255 
255 255 255 
254 254 254 
255 255 255 
255 255 255 
255 255 255 
247 255 250 
36 32 31 
255 255 255 
255 255 255 
255 255 255 
35 30 27 
182 54 27 
207 43 33 
255 255 255 
255 255 255 
255 255 255 
255 255 255 
149 145 146 
254 255 255 
255 255 255 
254 255 255 
253 253 253 
255 255 255 
255 255 255 
255 229 228 
191 159 98 
250 248 249 
255 255 255 
255 255 255 
255 255 255 
255 255 255 
255 255 255 
255 255 255 
189 161 96 
255 255 255 
255 255 255 
255 242 235 
255 255 255 
255 255 255 
255 255 255 
255 255 255 
196 157 98 
193 159 96 
247 255 251 
191 159 98 
255 255 255 
195 41 29 
255 255 255 
255 255 255 
255 255 255 
210 40 27 
255 255 255 
255 255 255 
214 151 100 
255 255 255 
191 159 98 
255 255 255 
255 255 255 
254 253 255 
253 255 250 
255 255 255 
253 251 254 
255 255 255 
255 255 255 
255 255 255 
254 253 251 
255 255 255 
255 255 255 
189 157 96 
255 255 255 
218 118 82 
195 161 100 
255 255 255 
255 255 255 
191 159 98 
255 255 255 
255 255 255 
30 24 24 
214 40 33 
175 71 68 
255 255 255 
191 158 104 
255 255 255 
255 255 255 
255 255 255 
255 252 254 
255 255 255 
187 53 52 
255 255 255 
255 248 252 
255 254 255 
30 26 25 
255 255 255 
193 90 91 
255 255 255 
189 161 96 
255 255 255 
255 255 255 
255 255 255 
191 159 98 
253 253 253 
255 255 255 
30 29 27 
255 255 255 
255 255 255 
205 153 96 
191 159 98 
196 154 96 
255 255 255 
198 155 100 
255 255 255 
255 255 255 
191 160 95 
191 160 96 
35 30 27 
192 56 44 
193 159 98 
191 161 101 
255 255 255 
255 255 255 
255 255 255 
255 255 255 
197 157 95 
191 159 98 
255 255 255 
255 253 254 
255 255 255 
255 255 255 
255 246 246 
186 162 98 
91 71 34 
255 255 255 
250 255 252 
255 255 255 
255 250 248 
191 159 98 
253 252 250 
214 41 34 
191 159 98 
255 255 255 
255 255 255 
252 252 254 
255 254 255 
210 43 25 
196 157 98 
255 255 255 
254 255 255 
194 90 53 
191 159 98 
255 255 255 
255 251 255 
255 255 255 
255 251 253 
191 159 98 
255 255 255 
191 159 98 
187 162 98 
191 159 98 
255 253 254 
28 22 22 
218 141 95 
193 158 100 
255 254 252 
191 159 98 
255 255 255 
191 159 98 
196 160 100 
200 162 100 
41 37 34 
191 159 98 
255 255 255 
255 255 255 
207 43 34 
28 23 20 
193 154 95 
255 255 255 
191 159 98 
191 159 98 
255 255 255 
216 39 33 
190 161 95 
255 255 255 
255 255 255 
191 161 99 
200 155 98 
191 159 98 
191 159 100 
251 255 254 
255 255 255 
244 242 243 
193 158 102 
255 255 255 
255 255 255 
191 159 100 
192 158 95 
191 159 98 
254 254 254 
193 159 98 
191 159 98 
255 255 255 
191 160 95 
255 255 255 
193 159 98 
255 255 255 
33 25 22 
255 255 255 
255 255 255 
197 53 45 
250 255 254 
191 159 98 
26 25 21 
188 160 95 
196 158 96 
191 159 98 
255 255 255 
191 159 98 
191 159 98 
255 254 253 
255 255 255 
191 159 98 
255 255 255 
194 162 101 
255 255 255 
255 249 249 
187 162 98 
255 254 255 
194 158 100 
191 159 98 
41 29 15 
29 27 15 
253 255 254 
40 25 20 
255 255 255 
189 162 95 
193 159 98 
191 159 98 
255 255 255 
245 244 242 
33 25 12 
255 255 255 
193 158 100 
191 159 98 
254 255 255 
254 255 255 
255 255 255 
194 157 102 
30 26 23 
191 159 98 
255 255 255 
191 159 98 
193 158 102 
188 157 93 
255 255 255 
255 255 255 
192 160 99 
191 159 100 
255 250 250 
34 29 23 
255 255 255 
89 72 42 
193 159 98 
191 159 98 
191 159 98 
185 160 103 
187 158 100 
191 159 98 
186 159 104 
254 255 253 
212 150 99 
191 159 98 
35 31 30 
255 213 211 
201 154 98 
30 25 22 
255 255 253 
255 255 255 
241 240 238 
193 158 100 
255 255 255 
255 254 255 
255 255 255 
191 159 100 
187 159 96 
255 250 248 
191 159 98 
191 159 98 
193 163 101 
193 159 98 
255 255 255 
191 159 98 
191 159 98 
33 25 22 
30 26 23 
255 255 255 
208 151 98 
255 253 254 
194 160 96 
191 159 98 
191 159 98 
255 255 255 
188 155 104 
254 255 253 
193 159 98 
255 255 255 
192 162 102 
255 255 255 
30 24 24 
189 70 36 
133 117 83 
255 255 255 
187 156 91 
195 46 39 
255 255 255 
255 255 255 
255 255 255 
195 155 96 
255 255 255 
255 255 255 
191 159 98 
193 159 98 
30 26 17 
190 160 98 
191 160 95 
255 255 255 
46 41 37 
254 253 251 
255 255 255 
191 159 98 
192 160 99 
119 100 60 
191 160 96 
245 255 255 
255 255 255 
189 161 96 
31 25 25 
255 255 255 
191 159 98 
255 255 255 
255 255 255 
255 255 255 
255 253 255 
187 160 107 
255 250 255 
30 27 22 
194 158 100 
193 158 100 
255 254 255 
43 27 12 
176 157 117 
191 159 98 
255 221 219 
191 159 98 
191 159 98 
191 159 98 
33 28 25 
255 253 255 
195 158 106 
34 27 19 
193 158 100 
217 147 98 
191 159 98 
190 160 98 
189 160 100 
193 159 98 
197 157 98 
28 24 25 
255 255 255 
209 39 24 
208 106 68 
255 255 255 
255 255 253 
255 255 255 
192 161 96 
126 106 73 
255 255 255 
191 159 98 
255 255 255 
191 159 98 
194 158 96 
255 255 255 
191 160 95 
29 27 15 
191 159 98 
254 252 253 
57 45 7 
187 156 91 
191 159 98 
189 161 98 
191 159 98 
194 163 99 
212 38 29 
185 154 97 
104 83 52 
255 255 255 
188 163 96 
190 158 101 
110 109 107 
255 255 255 
194 162 103 
255 255 255 
255 255 255 
255 255 255 
255 255 255 
255 255 255 
255 255 255 
255 255 253 
31 30 28 
255 255 255 
32 27 24 
198 100 65 
254 254 254 
255 232 236 
255 255 255 
255 254 255 
193 158 94 
190 159 102 
189 155 91 
202 47 27 
119 100 60 
255 255 255 
255 255 255 
252 255 255 
255 255 255 
255 255 255 
255 255 255 
255 255 255 
255 255 255 
255 255 255 
254 254 254 
255 255 255 
255 255 255 
255 255 255 
255 255 255 
255 255 255 
190 159 94 
197 162 104 
190 161 95 
255 255 255 
252 255 246 
191 165 104 
189 161 98 
255 255 255 
21 20 15 
255 255 255 
27 27 29 
191 159 98 
255 255 255 
255 255 255 
171 143 103 
189 161 98 
255 255 255 
28 24 23 
189 154 88 
197 155 97 
255 255 255 
195 157 108 
255 255 255 
254 254 254 
255 255 255 
255 255 255 
255 255 255 
191 160 96 
249 247 248 
255 255 255 
255 255 255 
255 255 255 
255 255 255 
255 255 255 
255 255 255 
255 255 253 
29 24 21 
255 255 255 
255 255 255 
255 255 255 
195 164 107 
255 255 255 
197 157 96 
189 159 97 
191 159 98 
186 160 103 
255 255 255 
202 46 31 
255 255 255 
255 255 255 
36 24 12 
255 255 255 
255 255 255 
29 25 22 
255 255 255 
255 255 255 
255 253 254 
255 255 255 
255 255 255 
44 40 37 
255 255 255 
31 26 23 
255 255 255 
255 255 255 
255 255 255 
255 255 255 
255 255 255 
255 255 255 
255 255 255 
255 255 255 
255 255 255 
255 255 255 
254 254 254 
255 255 255 
187 161 102 
255 255 255 
255 255 255 
255 255 255 
254 254 254 
255 255 255 
255 242 249 
254 255 253 
255 255 255 
255 255 255 
246 244 245 
255 255 255 
35 29 29 
0 0 0 
255 255 255 
255 255 255 
191 159 100 
185 158 103 
255 255 255 
254 254 254 
254 254 254 
255 255 253 
254 255 255 
255 254 255 
254 255 255 
255 247 245 
255 255 253 
255 255 255 
255 255 255 
186 56 43 
255 254 255 
27 23 20 
32 24 22 
255 255 255 
254 255 253 
34 30 29 
255 255 255 
255 255 255 
217 38 34 
255 255 255 
210 42 39 
255 252 255 
255 251 255 
29 24 21 
255 255 255 
251 250 248 
192 65 33 
255 255 255 
255 255 255 
255 255 255 
255 255 255 
255 255 255 
255 255 255 
250 250 250 
191 159 98 
255 255 255 
32 26 26 
191 159 98 
222 145 103 
39 23 8 
255 255 255 
255 255 255 
186 156 94 
187 157 87 
35 24 18 
252 252 252 
190 163 108 
255 255 255 
191 159 98 
255 255 255 
195 166 96 
194 158 98 
161 157 154 
255 255 255 
191 159 98 
255 255 255 
255 255 255 
250 255 250 
255 255 255 
248 255 255 
191 160 96 
29 24 21 
255 255 255 
189 157 98 
211 37 30 
35 31 32 
188 160 110 
255 255 255 
255 255 255 
255 255 255 
255 253 254 
121 119 120 
254 254 254 
255 255 255 
255 255 255 
255 255 255 
191 162 96 
255 255 255 
208 111 76 
255 255 255 
190 160 98 
255 255 255 
255 255 255 
255 255 255 
255 253 254 
255 255 255 
255 255 255 
254 253 251 
255 255 255 
255 255 255 
255 255 255 
255 255 255 
255 255 255 
34 29 26 
255 255 255 
255 255 255 
255 255 255 
255 255 255 
194 162 103 
255 255 255 
255 255 255 
255 255 255 
255 255 255 
255 255 255 
255 255 255 
255 255 255 
255 255 255 
255 255 255 
255 255 255 
255 255 255 
255 255 255 
39 33 33 
255 255 255 
255 255 255 
255 255 255 
255 255 255 
251 255 255 
255 255 255 
255 255 255 
255 255 255 
255 255 255 
255 255 255 
35 31 28 
255 255 255 
255 255 255 
255 255 255 
255 255 255 
255 255 255 
255 255 255 
255 255 255 
252 252 252 
255 255 255 
191 158 104 
255 255 255 
255 255 255 
33 23 21 
29 24 21 
255 255 255 
191 159 98 
255 255 255 
255 255 255 
255 255 255 
254 255 255 
20 16 15 
255 254 251 
255 255 255 
255 255 255 
29 25 22 
35 30 27 
96 95 93 
255 255 255 
255 255 255 
255 255 255 
255 255 255 
255 255 255 
113 113 111 
255 255 255 
255 255 255 
255 255 255 
255 255 255 
255 253 254 
255 255 255 
255 252 253 
254 255 255 
255 255 255 
253 253 253 
255 252 255 
128 124 123 
29 25 22 
255 255 255 
255 255 255 
33 29 26 
184 45 48 
255 255 255 
254 255 255 
255 255 255 
255 255 255 
255 255 255 
255 255 255 
255 255 255 
250 248 249 
254 255 255 
216 39 33 
254 255 255 
193 158 104 
252 255 251 
247 255 252 
255 255 255 
255 255 255 
191 161 107 
255 255 255 
34 30 29 
31 25 25 
248 248 248 
255 255 255 
255 255 255 
255 255 255 
191 159 98 
65 64 62 
255 253 254 
255 255 255 
255 254 255 
255 255 253 
212 40 26 
255 253 254 
52 48 45 
26 20 20 
255 255 255 
255 255 255 
30 24 24 
254 254 254 
251 251 251 
255 255 255 
255 255 255 
31 27 26 
255 255 255 
255 255 255 
255 255 255 
255 255 255 
35 27 25 
255 255 255 
104 104 104 
255 255 255 
255 255 255 
255 255 255 
255 255 255 
255 255 253 
255 255 255 
255 255 255 
255 255 255 
194 158 100 
255 255 255 
254 252 253 
255 250 255 
191 159 98 
196 36 24 
197 45 24 
191 159 100 
190 160 98 
254 252 253 
191 159 98 
191 159 100 
255 255 255 
255 255 255 
44 40 39 
255 254 255 
190 160 98 
254 255 255 
247 247 247 
71 66 63 
255 255 255 
248 255 255 
255 255 255 
33 29 30 
189 157 106 
255 255 255 
249 252 255 
191 159 98 
190 160 98 
254 254 254 
34 30 27 
254 254 254 
255 255 255 
255 255 255 
194 158 100 
253 255 250 
253 255 252 
255 255 255 
215 43 31 
254 254 254 
255 254 252 
255 255 255 
255 255 255 
212 36 36 
255 255 255 
255 255 255 
253 255 249 
192 157 99 
255 255 255 
255 255 255 
255 253 255 
251 255 254 
255 255 255 
255 255 253 
193 64 35 
255 253 254 
191 159 98 
201 158 103 
255 255 255 
194 160 99 
255 249 254 
255 251 252 
195 163 102 
191 159 98 
215 37 27 
191 159 98 
255 255 255 
193 161 100 
231 151 144 
251 255 250 
255 255 255 
254 254 254 
255 255 255 
255 218 214 
252 250 251 
127 103 75 
254 255 253 
255 255 255 
193 159 95 
47 30 12 
191 160 95 
190 160 100 
255 255 255 
191 159 98 
25 21 12 
187 159 119 
255 253 252 
255 254 255 
255 255 255 
190 160 100 
255 255 255 
255 255 255 
255 255 255 
255 255 255 
255 255 255 
251 255 255 
194 158 98 
30 26 25 
193 49 48 
253 253 253 
253 246 253 
184 152 95 
255 247 241 
74 55 25 
255 255 255 
205 43 30 
181 162 119 
191 159 98 
255 255 255 
197 157 98 
255 255 255 
29 24 21 
252 253 255 
29 28 24 
192 162 98 
242 253 245 
190 158 99 
189 161 98 
255 255 255 
191 159 98 
189 160 102 
191 159 98 
204 36 25 
211 45 29 
255 255 255 
191 159 102 
191 159 98 
203 116 122 
191 159 98 
255 255 255 
184 163 108 
191 160 95 
214 148 98 
189 161 98 
255 255 255 
246 255 255 
190 158 97 
255 255 255 
191 159 98 
255 255 255 
255 255 253 
201 154 98 
203 37 23 
254 253 248 
255 253 252 
201 161 102 
190 159 102 
225 132 91 
202 167 101 
192 166 105 
255 255 255 
255 253 255 
193 158 102 
255 255 255 
255 255 255 
88 67 38 
31 21 22 
251 255 254 
33 30 23 
252 255 255 
197 157 108 
31 27 24 
255 255 255 
194 158 98 
30 25 21 
27 24 15 
192 162 100 
182 155 108 
194 158 98 
190 159 104 
255 254 250 
191 159 98 
191 159 98 
200 37 28 
195 161 97 
191 55 29 
40 24 0 
255 246 246 
191 159 98 
253 255 252 
191 160 95 
195 164 99 
191 161 99 
255 255 253 
191 159 98 
182 59 26 
196 162 98 
191 159 98 
34 29 7 
190 161 95 
191 159 98 
174 155 113 
191 157 112 
255 255 255 
30 26 17 
31 27 24 
191 160 96 
39 27 31 
193 159 98 
30 31 23 
191 159 98 
29 22 4 
50 25 20 
191 159 98 
192 159 106 
191 159 98 
190 160 96 
185 153 92 
192 45 38 
190 161 95 
191 159 98 
189 161 98 
193 158 100 
36 23 14 
255 255 255 
197 161 101 
193 157 105 
74 62 36 
193 159 96 
210 37 31 
191 159 98 
193 159 95 
215 122 78 
194 161 92 
193 159 98 
170 151 109 
30 27 22 
193 158 100 
186 162 100 
193 162 98 
191 160 103 
126 102 76 
189 161 98 
168 168 168 
192 161 96 
189 157 96 
194 157 102 
194 158 98 
191 159 98 
193 158 102 
28 24 21 
255 255 255 
191 161 89 
217 151 101 
191 159 100 
43 28 5 
38 26 10 
255 251 240 
192 163 103 
183 160 92 
189 157 96 
33 28 22 
178 148 110 
97 81 47 
141 121 84 
191 159 100 
190 160 100 
191 155 93 
45 28 8 
255 255 255 
189 159 97 
27 22 18 
183 157 100 
255 239 239 
192 161 96 
30 23 4 
188 159 101 
198 153 96 
194 159 101 
255 205 200 
177 157 107 
34 19 22 
32 26 28 
191 159 98 
183 157 108 
190 160 100 
255 255 255 
191 159 98 
193 158 100 
208 108 72 
193 159 98 
191 159 100 
203 38 36 
190 159 102 
191 160 95 
191 159 98 
191 159 98 
191 159 98 
191 160 96 
208 44 34 
162 140 99 
189 157 96 
190 160 96 
38 26 26 
255 255 255 
195 156 97 
189 161 98 
29 21 19 
187 162 98 
199 53 38 
194 158 96 
191 159 98 
195 156 99 
30 27 22 
192 45 25 
199 38 20 
36 21 14 
212 145 93 
183 49 46 
36 28 25 
192 160 99 
170 151 111 
119 100 60 
191 159 98 
189 159 107 
190 158 101 
214 47 29 
191 159 98 
190 160 98 
255 240 238 
191 160 96 
183 151 104 
255 254 255 
204 40 30 
191 159 98 
38 27 25 
255 255 255 
193 159 98 
191 159 98 
196 156 105 
191 159 98 
191 159 98 
210 38 26 
198 163 107 
194 157 102 
67 52 31 
253 255 250 
255 253 255 
208 151 98 
251 253 252 
214 45 26 
248 255 250 
194 158 100 
191 160 95 
190 160 100 
185 53 28 
186 159 106 
191 159 98 
185 159 110 
195 153 103 
195 159 99 
191 159 98 
255 248 246 
191 160 95 
255 255 255 
255 247 246 
194 160 97 
191 56 27 
188 161 108 
246 255 255 
255 254 255 
255 255 255 
211 43 30 
190 160 98 
34 23 17 
189 157 96 
194 158 98 
193 159 95 
247 255 251 
190 162 97 
251 251 251 
190 160 98 
255 248 255 
190 161 91 
28 25 16 
186 160 101 
255 249 255 
191 155 95 
190 156 95 
205 154 97 
203 41 28 
198 41 34 
191 160 93 
189 161 98 
188 157 102 
27 28 23 
39 24 19 
195 159 101 
194 154 95 
193 165 100 
191 159 98 
222 128 90 
193 160 91 
80 65 36 
191 159 98 
30 22 9 
189 159 95 
254 255 255 
193 158 100 
196 159 104 
194 159 95 
207 154 104 
195 161 100 
255 255 255 
69 54 25 
195 155 96 
206 41 35 
191 158 104 
251 255 252 
199 76 45 
197 157 96 
197 157 98 
189 160 102 
191 159 98 
199 159 100 
196 162 99 
191 159 100 
191 159 98 
37 36 16 
190 160 100 
191 159 98 
191 159 98 
255 253 255 
255 253 254 
188 158 104 
131 108 74 
191 159 98 
255 255 251 
194 158 98 
255 255 255 
191 159 98 
34 17 0 
191 156 100 
190 160 96 
191 161 99 
188 45 41 
39 21 19 
190 158 97 
191 159 98 
189 159 109 
193 159 98 
253 254 255 
190 52 42 
191 159 98 
255 255 255 
8 8 8 
255 255 255 
255 255 255 
0 0 0 
183 81 76 
189 161 98 
254 254 254 
35 23 1 
193 158 102 
255 255 255 
255 255 253 
192 54 43 
191 159 98 
255 255 255 
219 36 30 
191 159 98 
255 255 255 
192 161 96 
191 159 98 
191 159 98 
255 255 255 
190 158 97 
167 144 112 
191 159 98 
191 159 98 
193 158 100 
188 157 93 
193 159 98 
191 160 96 
191 159 98 
39 29 17 
189 160 102 
188 156 95 
255 254 255 
255 251 255 
191 159 98 
194 55 32 
35 28 22 
191 159 98 
194 158 98 
196 157 102 
31 25 25 
187 162 98 
191 159 98 
194 158 98 
191 159 98 
188 155 101 
191 159 98 
180 160 101 
191 159 98 
187 162 98 
190 161 91 
41 29 3 
191 159 98 
195 160 102 
191 159 98 
191 159 98 
33 25 22 
32 31 29 
255 255 255 
209 37 33 
193 159 98 
188 159 101 
255 255 255 
234 166 165 
191 159 98 
138 138 138 
193 158 100 
191 159 98 
197 160 92 
191 159 98 
34 30 29 
191 159 98 
192 157 103 
192 48 37 
194 158 100 
255 255 255 
250 254 253 
34 23 17 
194 159 95 
191 159 98 
191 159 98 
185 56 51 
191 159 98 
36 28 25 
192 158 113 
255 255 255 
191 159 98 
191 162 106 
196 162 101 
205 152 100 
191 159 98 
255 201 200 
194 163 98 
193 158 100 
190 160 96 
191 159 98 
188 154 91 
191 159 98 
255 255 255 
188 159 91 
39 22 12 
149 130 100 
180 160 109 
191 161 109 
255 255 255 
33 27 1 
195 160 102 
181 157 113 
191 159 98 
191 159 98 
191 159 98 
94 71 39 
23 23 21 
191 159 98 
3 3 3 
34 25 20 
191 159 98 
255 255 255 
195 163 106 
186 159 112 
161 135 102 
191 159 98 
206 38 27 
191 159 98 
191 159 98 
254 254 254 
191 159 98 
198 158 99 
193 158 100 
221 137 127 
191 159 98 
38 29 24 
193 157 97 
191 160 96 
187 162 98 
255 252 255 
191 159 98 
0 0 0 
99 83 50 
29 26 21 
192 164 99 
189 161 98 
255 255 255 
191 159 98 
255 255 255 
190 160 98 
190 160 100 
191 159 98 
193 158 100 
187 162 96 
191 159 98 
139 115 77 
197 159 94 
191 159 98 
180 52 49 
191 159 98 
191 159 100 
190 160 100 
191 161 97 
255 255 255 
193 161 122 
116 98 62 
180 159 116 
255 252 254 
191 159 100 
186 158 95 
191 159 98 
255 255 255 
191 155 103 
255 255 255 
191 159 98 
191 159 98 
37 25 9 
193 156 114 
186 155 101 
192 158 94 
41 24 6 
255 255 255 
152 132 95 
33 28 25 
39 25 16 
191 159 98 
189 157 96 
136 117 77 
191 162 106 
191 159 98 
187 157 105 
255 255 255 
191 159 98 
190 160 96 
200 44 31 
250 250 248 
191 160 96 
0 0 0 
254 255 255 
191 160 96 
193 159 98 
31 21 20 
187 155 96 
190 161 93 
28 23 19 
193 159 98 
191 159 98 
32 26 30 
34 20 20 
196 157 100 
84 68 45 
255 255 255 
255 255 255 
189 156 87 
191 160 96 
255 255 255 
193 161 110 
190 160 96 
190 160 100 
191 159 98 
190 160 98 
191 159 98 
191 159 98 
185 164 121 
189 160 100 
255 255 255 
0 0 0 
191 159 98 
189 161 96 
255 255 255 
111 93 53 
194 159 103 
32 22 23 
255 253 255 
195 47 33 
192 162 100 
189 161 96 
191 159 98 
110 93 65 
190 160 96 
179 156 115 
0 0 0 
255 255 255 
191 159 98 
190 160 100 
191 159 100 
192 157 101 
194 158 96 
184 158 109 
255 255 255 
191 159 98 
30 20 28 
47 34 25 
0 0 0 
193 159 96 
191 159 98 
191 159 98 
191 159 102 
192 160 101 
191 159 98 
190 161 105 
255 255 253 
187 162 95 
189 157 96 
184 162 102 
40 28 16 
189 161 98 
205 42 33 
0 0 0 
192 157 103 
191 159 98 
255 255 255 
182 61 32 
254 254 254 
182 159 105 
37 26 8 
191 159 98 
0 0 0 
255 255 255 
177 151 114 
32 24 22 
255 255 255 
191 159 98 
255 255 255 
210 210 210 
193 159 98 
255 255 255 
36 32 31 
196 161 103 
0 0 0 
255 255 255 
255 255 255 
0 0 0 
189 160 100 
191 159 98 
255 255 255 
255 255 255 
252 252 254 
191 159 100 
0 0 0 
35 21 21 
255 255 255 
255 255 255 
255 255 255 
57 40 12 
255 255 255 
255 255 255 
191 159 98 
95 71 43 
255 255 255 
193 158 102 
33 30 21 
190 160 98 
255 255 255 
171 151 114 
191 158 113 
190 161 101 
255 255 255 
142 119 87 
193 159 96 
75 62 27 
191 159 102 
255 255 255 
28 25 20 
191 158 91 
186 154 97 
185 159 110 
0 0 0 
39 28 26 
194 156 107 
193 163 103 
255 255 255 
189 159 97 
0 0 0 
184 161 109 
255 255 255 
193 157 105 
255 255 255 
251 255 254 
191 158 104 
189 161 96 
31 21 20 
177 155 118 
255 255 255 
255 255 255 
0 0 0 
255 255 255 
255 255 255 
32 24 22 
255 255 253 
193 159 95 
191 162 94 
193 159 98 
193 159 95 
191 159 98 
255 255 255 
191 160 96 
187 162 98 
194 157 104 
250 252 251 
62 58 55 
255 255 255 
255 255 255 
255 255 255 
255 255 255 
42 30 14 
191 159 100 
191 160 95 
106 91 52 
191 160 106 
255 255 255 
193 158 104 
191 160 96 
255 255 255 
190 160 98 
195 159 97 
189 161 98 
248 248 248 
39 24 19 
190 160 96 
191 159 98 
254 254 254 
193 158 102 
255 255 255 
142 142 142 
255 255 255 
196 164 105 
255 255 255 
194 157 104 
31 31 23 
254 254 255 
255 255 255 
193 159 96 
189 161 96 
252 252 252 
190 160 98 
191 159 98 
187 163 99 
0 0 0 
243 254 250 
33 20 12 
0 0 0 
35 31 30 
255 255 255 
255 255 255 
255 255 255 
63 37 24 
255 255 255 
190 160 96 
191 159 98 
255 255 255 
190 160 108 
255 255 255 
205 45 33 
0 0 0 
28 28 18 
215 41 32 
194 158 100 
1 1 1 
249 255 253 
0 0 0 
254 254 254 
188 157 100 
0 0 0 
191 159 98 
0 0 0 
62 38 14 
2 2 2 
192 159 105 
184 154 94 
189 160 102 
0 0 0 
191 159 98 
35 24 18 
180 152 102 
0 0 0 
27 24 19 
0 0 0 
202 44 32 
196 162 98 
45 28 8 
255 255 255 
255 255 255 
26 21 25 
0 0 0 
0 0 0 
0 0 0 
255 255 255 
255 255 255 
0 0 0 
255 255 255 
255 235 226 
0 0 0 
205 154 97 
0 0 0 
32 28 25 
255 255 255 
31 26 23 
0 0 0 
64 54 29 
255 255 255 
255 255 255 
27 26 21 
196 54 34 
190 160 96 
255 255 255 
191 159 98 
191 159 98 
255 255 255 
254 255 255 
186 148 101 
255 255 255 
189 162 95 
194 161 92 
33 23 21 
191 160 96 
196 159 91 
0 0 0 
191 159 98 
0 0 0 
255 255 255 
255 255 255 
194 158 100 
252 255 255 
255 255 255 
0 0 0 
249 249 249 
214 148 98 
192 161 96 
193 160 109 
191 159 98 
255 255 255 
255 255 255 
189 161 98 
198 158 99 
255 255 255 
191 159 98 
182 158 114 
0 0 0 
191 160 96 
190 162 99 
255 255 255 
28 22 22 
34 25 18 
254 254 254 
0 0 0 
199 101 64 
3 3 3 
181 157 95 
191 161 91 
36 27 18 
181 154 125 
191 159 98 
0 0 0 
196 157 98 
0 0 0 
195 156 99 
0 0 0 
0 0 0 
191 159 98 
255 255 255 
30 25 22 
255 255 255 
255 255 255 
33 28 25 
191 159 98 
254 254 254 
0 0 0 
191 159 98 
255 255 255 
194 158 98 
0 0 0 
190 160 98 
255 255 255 
0 0 0 
206 43 28 
255 255 255 
40 36 35 
254 252 253 
101 101 101 
33 24 25 
0 0 0 
0 0 0 
255 255 255 
0 0 0 
255 243 251 
189 157 100 
0 0 0 
191 159 98 
255 255 255 
35 24 18 
188 157 93 
254 254 254 
31 23 21 
191 159 100 
190 160 100 
191 160 96 
190 159 94 
255 255 255 
186 160 99 
34 24 25 
0 0 0 
0 0 0 
197 165 104 
251 255 251 
191 159 98 
0 0 0 
0 0 0 
34 27 21 
185 65 38 
0 0 0 
191 159 100 
0 0 0 
197 157 98 
255 255 255 
185 51 26 
255 255 255 
181 158 114 
191 159 98 
255 255 255 
191 49 35 
193 158 102 
36 27 20 
247 255 254 
30 25 21 
255 255 255 
255 255 255 
0 0 0 
255 255 255 
255 255 255 
196 157 102 
190 158 101 
191 159 98 
193 159 98 
191 159 98 
255 255 255 
255 255 255 
188 158 96 
202 155 99 
191 159 102 
191 159 98 
255 255 255 
190 163 94 
255 255 255 
194 162 105 
0 0 0 
251 251 251 
34 18 2 
255 255 255 
180 160 125 
177 159 119 
254 255 255 
255 255 255 
191 160 96 
200 161 104 
255 255 255 
255 255 255 
255 251 248 
0 0 0 
187 162 95 
191 159 98 
190 160 100 
255 255 255 
199 44 39 
255 255 255 
167 146 101 
0 0 0 
191 159 98 
0 0 0 
36 19 3 
37 33 21 
0 0 0 
175 149 116 
35 26 21 
191 159 98 
192 157 99 
199 154 97 
0 0 0 
187 168 128 
191 160 96 
183 149 101 
255 255 255 
255 255 255 
255 255 255 
255 255 255 
0 0 0 
83 83 83 
255 255 255 
254 253 255 
211 39 25 
0 0 0 
255 255 255 
255 255 255 
33 23 14 
255 255 255 
189 159 97 
195 57 47 
37 27 17 
0 0 0 
0 0 0 
198 156 96 
0 0 0 
239 255 248 
0 0 0 
189 161 98 
255 255 255 
255 255 255 
0 0 0 
191 160 96 
0 0 0 
176 150 115 
186 162 114 
33 23 22 
36 32 20 
0 0 0 
36 22 21 
0 0 0 
196 157 100 
191 159 98 
0 0 0 
211 40 33 
191 159 98 
0 0 0 
0 0 0 
255 255 255 
191 159 98 
0 0 0 
0 0 0 
40 32 21 
0 0 0 
0 0 0 
0 0 0 
255 255 255 
0 0 0 
251 255 255 
0 0 0 
194 159 103 
0 0 0 
0 0 0 
0 0 0 
187 157 107 
0 0 0 
0 0 0 
0 0 0 
0 0 0 
249 248 246 
208 147 93 
193 160 91 
191 159 102 
36 36 36 
0 0 0 
255 255 255 
19 19 19 
189 159 99 
0 0 0 
184 161 93 
188 161 106 
191 159 98 
33 25 23 
255 255 255 
43 27 4 
0 0 0 
255 255 255 
0 0 0 
191 159 98 
186 162 98 
33 25 22 
0 0 0 
166 148 108 
0 0 0 
186 65 36 
0 0 0 
189 160 104 
253 254 255 
255 255 253 
193 158 104 
179 155 93 
171 149 108 
36 17 2 
0 0 0 
166 151 108 
248 254 250 
250 248 249 
187 162 96 
194 158 96 
191 159 98 
255 254 255 
2 2 2 
191 159 98 
190 163 116 
192 45 27 
191 159 98 
182 157 101 
255 255 255 
25 27 16 
254 254 252 
191 159 98 
195 161 98 
180 159 116 
255 255 255 
190 160 100 
255 255 255 
196 72 44 
255 199 191 
253 253 253 
191 160 96 
189 161 98 
255 255 255 
222 50 38 
255 255 255 
148 148 148 
255 255 255 
191 162 102 
218 37 30 
255 252 255 
201 150 97 
195 155 103 
45 29 0 
38 29 24 
221 127 91 
252 255 251 
201 103 104 
216 142 95 
255 255 255 
255 246 253 
186 162 98 
85 68 42 
255 255 255 
254 255 255 
81 65 32 
190 52 41 
190 160 96 
255 248 248 
187 162 98 
255 255 255 
255 255 255 
255 235 236 
0 0 0 
191 159 98 
0 0 0 
255 255 253 
253 255 254 
255 254 250 
191 159 98 
255 255 255 
255 255 255 
225 147 101 
209 41 32 
194 86 83 
246 251 244 
191 159 98 
188 157 92 
255 255 255 
1 1 1 
201 39 28 
255 255 255 
255 253 254 
194 158 106 
191 159 100 
255 255 255 
194 160 96 
255 254 251 
255 255 255 
255 255 255 
255 255 255 
254 255 253 
255 255 255 
182 158 110 
216 39 31 
0 0 0 
41 29 15 
255 255 255 
34 29 26 
255 255 255 
188 155 101 
204 155 99 
0 0 0 
251 254 255 
250 255 249 
255 255 255 
196 48 38 
255 255 255 
248 250 245 
255 255 255 
254 255 255 
198 36 23 
0 0 0 
0 0 0 
247 255 255 
251 255 252 
216 35 26 
255 255 255 
255 255 255 
0 0 0 
255 255 255 
0 0 0 
255 253 254 
255 255 255 
254 255 255 
255 255 255 
250 255 252 
255 255 255 
255 255 255 
255 255 255 
255 255 255 
255 255 255 
255 255 255 
255 255 255 
255 255 255 
4 4 4 
255 255 255 
74 74 74 
255 255 255 
0 0 0 
255 255 255 
255 255 255 
254 254 254 
255 255 255 
255 255 255 
0 0 0 
255 255 255 
0 0 0 
255 255 255 
0 0 0 
191 159 98 
255 255 255 
255 255 255 
0 0 0 
255 255 255 
0 0 0 
255 255 255 
5 5 5 
0 0 0 
255 255 255 
0 0 0 
255 255 255 
0 0 0 
255 255 255 
254 254 254 
255 255 255 
255 255 255 
190 160 98 
0 0 0 
0 0 0 
0 0 0 
0 0 0 
194 47 29 
255 255 255 
255 255 255 
255 255 255 
255 255 255 
0 0 0 
0 0 0 
0 0 0 
255 255 255 
1 1 1 
175 57 55 
197 161 103 
34 25 26 
0 0 0 
191 159 98 
250 255 255 
206 44 33 
193 158 100 
189 159 99 
255 255 255 
255 255 255 
0 0 0 
255 255 255 
195 161 100 
255 255 255 
0 0 0 
0 0 0 
255 255 255 
193 159 98 
255 255 255 
193 158 100 
255 255 255 
192 159 88 
255 255 255 
255 252 255 
0 0 0 
255 255 255 
0 0 0 
194 47 27 
0 0 0 
191 159 98 
0 0 0 
0 0 0 
0 0 0 
0 0 0 
206 105 97 
254 255 255 
191 159 98 
255 255 255 
254 254 254 
255 255 255 
191 159 98 
253 255 252 
191 159 98 
217 38 33 
191 159 98 
190 160 96 
198 46 25 
191 159 98 
185 162 108 
255 255 255 
192 161 97 
191 161 97 
191 159 98 
255 255 255 
255 255 255 
191 159 98 
255 255 255 
194 158 100 
187 164 97 
255 255 255 
195 54 45 
255 255 255 
30 21 22 
255 255 255 
0 0 0 
197 161 101 
255 255 255 
255 255 255 
0 0 0 
193 159 96 
255 255 255 
50 34 8 
255 255 255 
255 255 255 
255 255 255 
37 28 13 
255 255 255 
197 158 101 
255 255 255 
31 26 23 
255 255 255 
190 160 100 
255 255 255 
189 155 91 
190 159 102 
193 159 98 
191 159 98 
33 23 22 
250 255 252 
183 155 108 
255 255 255 
33 24 25 
255 255 255 
191 159 98 
191 159 98 
255 255 255 
254 253 249 
188 154 93 
255 255 255 
253 255 250 
255 255 255 
191 159 98 
255 255 255 
213 41 29 
212 41 31 
191 159 100 
94 79 50 
191 159 98 
255 255 255 
255 255 255 
2 2 2 
255 255 255 
255 255 255 
255 255 255 
255 255 255 
255 255 255 
191 159 100 
255 255 255 
255 255 255 
215 31 21 
255 255 255 
194 158 98 
255 255 255 
255 255 255 
255 255 255 
255 255 255 
255 255 255 
255 255 255 
190 158 97 
191 159 98 
255 255 255 
255 255 255 
255 255 255 
255 255 255 
191 159 98 
0 0 0 
255 255 255 
255 255 255 
32 24 13 
191 159 102 
255 255 255 
184 156 108 
255 255 255 
255 255 255 
246 255 252 
191 160 96 
189 47 23 
191 159 98 
39 22 4 
189 55 30 
255 255 255 
253 255 252 
190 159 102 
191 159 98 
255 255 255 
255 255 255 
255 255 255 
255 255 255 
255 255 255 
255 255 255 
255 255 255 
0 0 0 
255 255 255 
255 255 255 
255 255 255 
255 255 255 
255 255 255 
255 255 255 
255 255 255 
191 159 98 
255 255 255 
191 159 102 
0 0 0 
255 255 255 
39 27 11 
186 162 98 
255 255 255 
191 159 98 
202 42 30 
193 159 96 
191 160 96 
255 255 255 
255 255 255 
0 0 0 
191 159 98 
0 0 0 
191 159 98 
255 255 255 
251 255 240 
196 154 96 
255 255 255 
212 108 71 
0 0 0 
247 255 250 
255 255 255 
191 159 98 
0 0 0 
201 162 95 
255 255 255 
191 159 98 
255 238 234 
191 159 98 
255 255 255 
255 255 255 
193 157 107 
254 255 255 
255 255 255 
191 159 98 
254 254 254 
254 255 253 
255 255 255 
255 255 255 
191 159 98 
255 255 255 
255 255 255 
215 37 27 
194 160 99 
255 255 255 
33 27 15 
0 0 0 
255 255 255 
255 255 255 
191 159 98 
194 158 98 
255 255 255 
255 255 255 
255 255 255 
18 18 18 
255 255 255 
0 0 0 
0 0 0 
255 255 255 
255 255 255 
191 159 98 
0 0 0 
255 255 255 
0 0 0 
191 159 98 
255 255 255 
1 1 1 
142 138 137 
255 255 255 
255 255 255 
240 151 145 
255 255 255 
0 0 0 
255 255 255 
255 255 255 
255 255 255 
255 255 255 
255 255 255 
255 255 255 
0 0 0 
255 253 254 
255 255 255 
255 255 255 
255 255 255 
255 255 255 
191 159 98 
5 5 5 
255 255 255 
255 255 255 
0 0 0 
255 255 255 
254 255 255 
255 241 230 
255 255 255 
0 0 0 
255 255 255 
255 255 255 
0 0 0 
255 255 255 
255 255 255 
255 255 255 
8 8 8 
255 255 255 
3 3 3 
0 0 0 
255 255 255 
255 255 255 
255 255 255 
210 210 210 
0 0 0 
255 255 255 
0 0 0 
252 252 252 
254 254 254 
150 150 150 
0 0 0 
213 213 213 
0 0 0 
255 255 255 
255 255 255 
0 0 0 
1 1 1 
2 2 2 
255 255 255 
0 0 0 
253 253 253 
0 0 0 
255 255 255 
255 255 255 
255 255 255 
0 0 0 
255 255 255 
255 255 255 
0 0 0 
255 255 255 
190 160 98 
255 255 255 
206 98 69 
0 0 0 
253 254 255 
255 255 255 
255 255 255 
191 159 98 
0 0 0 
1 1 1 
255 255 255 
0 0 0 
243 243 243 
0 0 0 
120 120 120 
255 255 255 
188 158 98 
255 255 255 
255 255 255 
0 0 0 
255 255 255 
14 14 14 
0 0 0 
255 255 255 
0 0 0 
255 255 255 
0 0 0 
0 0 0 
0 0 0 
255 255 255 
0 0 0 
34 29 26 
253 253 253 
0 0 0 
0 0 0 
254 254 254 
255 255 255 
255 255 255 
204 153 98 
0 0 0 
255 255 255 
31 27 24 
255 255 255 
255 255 255 
255 255 255 
255 255 255 
255 255 255 
255 255 255 
255 255 255 
224 224 224 
251 255 252 
191 161 99 
255 255 255 
255 255 255 
192 156 96 
255 255 255 
255 255 255 
255 187 184 
255 255 255 
255 255 255 
193 160 106 
255 255 255 
0 0 0 
255 255 255 
24 24 24 
255 255 255 
255 255 255 
255 255 255 
67 56 28 
0 0 0 
191 159 98 
0 0 0 
7 7 7 
0 0 0 
255 255 255 
255 255 255 
255 255 255 
255 255 255 
255 255 255 
255 255 255 
0 0 0 
191 159 98 
2 2 2 
2 2 2 
255 255 255 
0 0 0 
0 0 0 
255 255 255 
0 0 0 
214 37 27 
0 0 0 
0 0 0 
255 255 255 
0 0 0 
0 0 0 
0 0 0 
0 0 0 
0 0 0 
0 0 0 
0 0 0 
0 0 0 
0 0 0 
0 0 0 
0 0 0 
0 0 0 
255 255 255 
0 0 0 
255 255 255 
255 255 255 
58 54 53 
0 0 0 
197 157 98 
255 255 255 
255 255 255 
38 26 10 
255 255 255 
255 255 255 
191 159 98 
255 255 255 
191 159 98 
255 255 255 
0 0 0 
255 255 255 
255 253 255 
255 255 255 
255 255 255 
255 255 255 
191 159 98 
255 255 255 
255 255 255 
0 0 0 
0 0 0 
0 0 0 
191 159 98 
255 255 255 
0 0 0 
0 0 0 
255 255 255 
255 255 255 
0 0 0 
255 255 255 
0 0 0 
255 255 255 
0 0 0 
255 255 255 
255 255 255 
0 0 0 
255 255 253 
0 0 0 
255 253 254 
255 255 255 
255 255 255 
255 255 255 
0 0 0 
193 158 102 
0 0 0 
255 255 255 
255 255 255 
255 255 255 
191 159 98 
255 255 255 
0 0 0 
0 0 0 
255 255 255 
255 255 255 
255 255 255 
255 255 255 
255 255 255 
255 255 255 
172 150 113 
255 255 255 
255 255 255 
193 159 98 
255 255 255 
255 255 255 
253 251 252 
191 159 98 
191 159 98 
0 0 0 
0 0 0 
255 255 255 
191 159 98 
255 255 255 
0 0 0 
189 158 91 
255 255 255 
0 0 0 
216 41 24 
0 0 0 
0 0 0 
255 255 255 
0 0 0 
0 0 0 
255 255 255 
0 0 0 
255 255 255 
182 73 40 
244 244 244 
255 255 255 
191 160 96 
255 255 255 
255 254 252 
255 255 255 
191 159 98 
193 159 98 
0 0 0 
255 255 255 
191 159 98 
255 255 255 
0 0 0 
255 255 255 
255 255 255 
255 255 255 
191 159 98 
255 255 255 
184 57 51 
255 255 255 
2 2 2 
255 255 255 
253 252 250 
255 255 255 
210 148 97 
0 0 0 
255 252 251 
191 159 98 
0 0 0 
0 0 0 
0 0 0 
255 255 255 
255 255 255 
255 255 255 
37 31 19 
255 255 255 
255 255 255 
189 161 98 
184 161 109 
255 255 255 
191 159 98 
192 162 100 
29 28 26 
36 26 27 
255 255 255 
110 110 110 
255 255 255 
221 148 103 
255 255 255 
255 255 255 
31 26 22 
255 250 251 
255 255 255 
255 255 255 
255 255 255 
0 0 0 
191 159 98 
181 150 103 
0 0 0 
255 255 255 
191 159 98 
255 255 255 
0 0 0 
200 48 27 
255 255 255 
191 159 98 
255 255 255 
255 255 255 
0 0 0 
247 185 174 
255 255 255 
255 255 255 
0 0 0 
191 159 98 
255 255 255 
248 255 252 
255 255 255 
0 0 0 
0 0 0 
255 255 255 
255 255 255 
255 255 255 
191 159 98 
255 255 255 
39 33 35 
254 246 243 
218 214 213 
255 255 255 
0 0 0 
191 160 95 
191 159 98 
255 255 255 
0 0 0 
255 255 255 
0 0 0 
191 159 98 
0 0 0 
191 159 98 
191 159 98 
0 0 0 
0 0 0 
0 0 0 
255 255 255 
255 255 255 
0 0 0 
0 0 0 
0 0 0 
191 159 98 
0 0 0 
255 255 255 
255 255 255 
255 255 255 
191 159 98 
194 158 98 
0 0 0 
191 159 98 
255 255 255 
190 159 94 
191 159 98 
3 3 3 
255 255 255 
255 255 255 
191 159 98 
255 255 255 
191 159 98 
190 160 96 
229 140 134 
190 159 95 
214 37 29 
255 255 255 
255 240 242 
0 0 0 
0 0 0 
191 159 98 
255 255 255 
255 255 255 
255 255 255 
35 24 32 
191 159 98 
255 255 255 
255 255 255 
183 158 104 
255 255 255 
255 255 255 
255 255 255 
255 255 255 
191 159 98 
191 159 98 
254 254 254 
191 159 98 
214 43 35 
1 1 1 
191 159 98 
255 255 255 
255 255 255 
255 255 255 
191 159 98 
255 255 255 
191 159 98 
0 0 0 
255 255 255 
184 156 106 
191 159 98 
255 255 255 
255 253 254 
248 255 250 
255 255 255 
255 255 255 
35 35 35 
191 159 98 
255 255 255 
255 255 255 
227 227 227 
255 255 255 
255 255 255 
255 255 255 
255 255 255 
123 103 76 
251 255 250 
255 255 255 
255 255 255 
0 0 0 
191 159 98 
0 0 0 
255 255 255 
255 255 255 
0 0 0 
210 153 100 
255 255 255 
193 159 98 
255 255 255 
193 161 100 
255 255 255 
189 161 96 
255 255 255 
255 255 255 
255 255 255 
255 255 255 
255 255 255 
255 255 255 
0 0 0 
191 159 98 
255 255 255 
0 0 0 
255 255 255 
253 253 253 
255 255 255 
0 0 0 
255 255 255 
0 0 0 
255 255 255 
0 0 0 
191 161 99 
46 32 5 
0 0 0 
6 6 6 
255 255 255 
255 255 255 
255 255 255 
255 255 255 
255 255 255 
255 255 255 
191 159 98 
255 255 255 
0 0 0 
255 255 255 
255 255 255 
255 255 255 
255 255 255 
255 255 255 
191 49 37 
255 255 255 
0 0 0 
255 255 255 
255 255 255 
195 166 108 
255 255 255 
255 255 255 
0 0 0 
3 3 3 
255 255 255 
249 254 255 
255 255 255 
255 255 255 
255 255 255 
1 1 1 
255 255 255 
255 255 255 
255 255 255 
255 255 255 
255 255 255 
150 150 150 
191 159 98 
255 255 255 
255 255 255 
191 159 98 
250 252 251 
255 255 255 
0 0 0 
20 20 20 
255 255 255 
191 159 98 
255 255 255 
207 43 31 
255 255 255 
29 24 21 
179 179 179 
191 159 98 
255 255 255 
194 160 99 
193 158 100 
255 255 253 
255 255 255 
255 255 255 
207 40 31 
255 255 255 
187 162 98 
255 255 255 
191 159 98 
255 255 255 
255 255 255 
0 0 0 
255 255 255 
255 255 255 
78 77 75 
191 159 98 
191 159 98 
255 255 255 
191 159 98 
1 1 1 
255 255 255 
255 255 255 
255 255 255 
255 255 255 
191 159 98 
255 255 255 
0 0 0 
255 255 255 
255 255 255 
255 255 255 
255 255 255 
0 0 0 
255 255 255 
255 255 255 
8 8 8 
255 255 255 
0 0 0 
255 255 255 
255 255 255 
191 159 98 
255 255 255 
191 159 98 
191 159 98 
255 255 255 
0 0 0 
255 255 255 
255 255 255 
0 0 0 
255 255 255 
0 0 0 
191 159 98 
255 255 255 
191 159 98 
255 255 255 
0 0 0 
255 255 255 
191 159 98 
255 250 249 
255 255 255 
191 159 98 
0 0 0 
0 0 0 
191 159 98 
255 255 255 
191 159 98 
0 0 0 
0 0 0 
244 244 244 
240 255 250 
255 255 255 
255 255 255 
0 0 0 
191 159 98 
255 255 255 
191 159 98 
255 255 255 
191 159 98 
255 255 255 
254 255 250 
255 255 255 
255 255 255 
0 0 0 
191 159 98 
0 0 0 
191 159 98 
255 255 255 
0 0 0 
31 29 17 
255 255 255 
0 0 0 
191 159 98 
255 255 255 
255 255 255 
191 159 98 
54 54 54 
0 0 0 
191 159 98 
254 254 254 
191 159 98 
191 159 98 
255 255 255 
255 255 255 
191 159 98 
255 255 255 
255 255 255 
0 0 0 
191 159 98 
255 255 255 
191 159 98 
255 255 255 
255 255 255 
255 255 255 
255 255 255 
255 255 255 
191 159 98 
0 0 0 
41 41 41 
0 0 0 
255 255 255 
0 0 0 
191 159 98 
0 0 0 
255 255 255 
177 62 43 
255 255 255 
191 159 98 
191 159 98 
0 0 0 
191 159 98 
191 159 98 
191 159 98 
0 0 0 
255 255 255 
0 0 0 
255 255 255 
255 255 255 
0 0 0 
255 255 255 
194 194 194 
0 0 0 
255 255 255 
0 0 0 
255 255 255 
252 252 250 
191 159 98 
255 255 255 
255 255 255 
0 0 0 
255 242 234 
0 0 0 
255 255 255 
0 0 0 
255 255 255 
2 2 2 
191 161 99 
255 255 255 
255 255 255 
255 255 255 
191 159 98 
0 0 0 
191 159 98 
255 255 255 
188 54 43 
4 4 4 
255 255 253 
0 0 0 
255 255 255 
255 255 255 
255 255 255 
255 255 255 
191 159 98 
255 255 255 
26 26 26 
255 255 255 
194 158 98 
255 255 255 
255 255 255 
255 255 255 
191 159 98 
255 255 255 
255 255 255 
255 255 255 
255 255 255 
255 255 255 
0 0 0 
0 0 0 
255 255 255 
0 0 0 
191 159 98 
255 255 255 
191 159 98 
255 255 255 
201 201 201 
25 25 25 
205 42 33 
255 255 255 
186 162 98 
254 255 250 
0 0 0 
255 255 255 
255 255 255 
189 160 102 
255 255 255 
2 2 2 
255 255 255 
255 255 255 
255 255 255 
0 0 0 
255 255 255 
255 255 255 
255 255 255 
255 255 255 
0 0 0 
0 0 0 
209 41 30 
190 160 96 
207 39 28 
1 1 1 
0 0 0 
190 160 100 
0 0 0 
95 95 95 
255 255 255 
0 0 0 
0 0 0 
2 2 2 
255 255 255 
254 254 254 
255 253 250 
0 0 0 
255 255 255 
1 1 1 
16 16 16 
191 159 98 
255 255 255 
255 255 255 
255 255 255 
255 255 255 
0 0 0 
191 159 98 
255 255 255 
30 26 23 
255 255 255 
190 160 100 
255 255 255 
255 255 255 
255 255 255 
197 168 110 
255 255 255 
189 160 90 
255 255 255 
191 162 104 
255 255 255 
190 162 88 
191 159 98 
255 255 255 
255 255 255 
31 30 10 
38 38 38 
198 159 100 
255 255 255 
190 160 98 
0 0 0 
255 255 255 
255 255 255 
255 216 209 
255 255 255 
253 253 253 
255 255 255 
254 250 249 
255 255 255 
23 24 19 
255 255 255 
255 255 255 
255 255 255 
3 3 3 
190 161 103 
255 255 255 
254 254 254 
196 157 98 
255 255 255 
254 254 254 
255 255 255 
255 255 255 
255 255 255 
255 255 255 
255 255 255 
255 255 255 
255 255 255 
255 255 255 
255 255 255 
191 160 95 
255 255 255 
255 255 255 
1 1 1 
255 255 255 
255 255 255 
255 255 255 
0 0 0 
242 242 242 
3 3 3 
255 255 255 
255 255 255 
255 255 255 
3 3 3 
255 255 255 
255 255 255 
255 255 255 
255 255 255 
255 255 255 
2 2 2 
192 161 97 
255 255 255 
255 255 255 
255 255 255 
255 255 255 
255 255 255 
194 194 194 
255 255 255 
2 2 2 
0 0 0 
255 255 255 
255 255 255 
255 255 255 
255 255 255 
186 160 109 
255 255 255 
255 255 255 
184 184 182 
100 74 39 
2 2 2 
28 24 21 
0 0 0 
255 255 255 
255 255 255 
255 255 255 
255 255 255 
189 163 89 
255 255 255 
255 255 255 
255 255 255 
255 255 255 
255 255 255 
255 255 255 
0 0 0 
255 255 255 
191 160 96 
255 255 255 
255 255 255 
255 255 255 
24 24 24 
255 255 255 
191 159 98 
255 253 254 
29 29 29 
255 255 255 
7 7 7 
193 159 95 
193 159 98 
251 251 251 
255 255 255 
185 161 97 
255 255 255 
255 255 255 
255 255 255 
255 255 255 
4 4 4 
255 255 255 
51 51 51 
192 158 95 
255 255 255 
255 255 255 
0 0 0 
191 159 98 
6 6 6 
255 255 255 
209 209 207 
255 255 255 
255 255 255 
42 30 6 
191 159 98 
255 255 255 
214 97 64 
255 255 255 
254 254 254 
191 159 98 
0 0 0 
255 255 255 
198 198 198 
255 255 255 
191 159 98 
255 255 255 
254 254 254 
0 0 0 
4 4 4 
255 255 255 
0 0 0 
31 31 29 
255 255 255 
255 255 255 
248 248 248 
2 2 2 
255 255 255 
255 255 255 
22 22 22 
255 255 255 
33 23 24 
3 3 3 
252 252 252 
255 255 255 
187 160 105 
255 255 255 
255 255 255 
255 255 255 
255 255 255 
201 39 18 
255 255 255 
21 21 21 
255 255 255 
255 255 255 
255 255 255 
255 255 255 
255 255 255 
188 158 98 
106 106 106 
255 255 255 
255 255 255 
190 161 95 
255 255 255 
255 255 255 
191 159 98 
255 255 255 
255 255 255 
255 255 255 
255 255 255 
255 255 255 
255 255 255 
204 42 40 
0 0 0 
32 28 27 
40 40 40 
255 255 255 
0 0 0 
255 255 255 
3 3 3 
44 39 36 
191 159 98 
249 251 250 
4 4 4 
255 255 255 
255 255 255 
191 159 98 
255 255 255 
255 255 255 
191 159 98 
255 254 247 
206 206 206 
255 255 255 
255 255 255 
27 22 16 
255 255 255 
3 3 3 
255 255 255 
255 255 255 
191 159 98 
255 255 255 
255 255 255 
255 255 255 
203 93 66 
2 2 2 
12 12 12 
255 255 255 
255 255 255 
255 255 255 
255 255 255 
205 40 34 
2 2 2 
36 27 12 
255 255 255 
255 255 255 
255 255 255 
255 255 255 
255 255 255 
255 255 255 
255 255 255 
255 255 255 
255 255 255 
191 159 98 
250 250 250 
255 255 255 
191 157 93 
190 160 100 
255 255 255 
255 255 255 
255 255 255 
255 172 166 
0 0 0 
33 25 23 
191 159 98 
193 158 100 
255 254 252 
255 255 255 
255 255 255 
255 255 255 
255 255 255 
2 2 2 
255 255 255 
191 159 98 
255 255 255 
255 255 255 
75 75 75 
255 255 253 
191 159 98 
255 255 255 
252 252 252 
122 122 122 
6 6 6 
191 159 98 
102 102 102 
78 78 78 
255 253 254 
188 157 100 
116 116 116 
255 255 255 
1 1 1 
31 26 23 
191 159 98 
4 4 4 
3 3 3 
191 159 98 
254 254 254 
203 43 27 
255 255 255 
191 159 98 
191 159 98 
210 206 205 
255 255 255 
1 1 1 
2 2 2 
246 255 253 
255 255 255 
4 4 4 
255 248 246 
255 255 255 
253 253 253 
255 255 255 
255 255 255 
255 255 255 
255 255 255 
5 5 5 
193 159 98 
0 0 0 
255 255 255 
12 12 12 
255 255 253 
255 255 255 
255 255 255 
255 255 255 
255 255 255 
6 6 6 
255 255 255 
254 254 254 
255 255 255 
19 19 19 
3 3 3 
255 255 255 
255 255 255 
254 254 254 
255 255 255 
253 253 253 
255 255 255 
255 255 255 
191 159 98 
255 255 255 
62 62 62 
252 252 252 
0 0 0 
255 255 255 
255 255 255 
255 255 255 
255 255 255 
255 255 255 
255 255 255 
207 151 102 
255 255 255 
255 255 255 
255 255 255 
255 255 255 
255 255 255 
255 255 255 
255 255 255 
255 255 255 
212 146 98 
255 255 255 
255 255 255 
255 255 255 
248 254 252 
255 255 255 
255 255 255 
224 224 224 
255 227 233 
184 56 27 
191 159 98 
255 255 255 
255 255 255 
255 255 255 
255 255 255 
255 255 255 
191 159 98 
0 0 0 
255 255 255 
255 255 255 
191 159 98 
177 159 111 
0 0 0 
255 255 255 
255 255 255 
36 36 36 
255 255 255 
255 255 255 
191 159 98 
94 94 94 
255 255 255 
255 255 255 
0 0 0 
255 255 255 
255 255 255 
255 255 255 
255 255 255 
130 130 130 
191 159 98 
255 255 255 
255 255 255 
255 255 255 
255 255 255 
1 1 1 
191 159 98 
0 0 0 
255 255 255 
255 255 255 
255 255 255 
255 255 255 
255 255 255 
255 255 255 
255 255 255 
202 202 202 
0 0 0 
251 253 250 
255 255 255 
255 255 255 
255 255 255 
255 255 255 
255 255 255 
255 255 255 
255 255 255 
255 255 255 
191 159 98 
255 255 255 
191 159 98 
42 27 4 
255 255 255 
255 255 255 
191 159 98 
255 255 255 
216 42 31 
255 255 255 
255 255 255 
255 254 255 
0 0 0 
255 255 255 
255 255 255 
255 255 255 
255 255 255 
255 255 255 
0 0 0 
188 160 95 
255 255 255 
191 159 98 
196 158 95 
255 255 255 
255 255 255 
255 255 255 
191 159 98 
255 255 255 
255 255 255 
188 161 114 
255 255 255 
255 255 253 
191 159 98 
0 0 0 
191 159 98 
0 0 0 
255 255 255 
255 255 255 
255 255 255 
255 255 255 
255 255 255 
0 0 0 
255 255 255 
2 2 2 
124 120 119 
255 255 253 
2 2 2 
255 255 255 
191 159 98 
254 253 251 
255 255 255 
0 0 0 
255 255 255 
255 255 255 
255 255 255 
255 255 255 
255 255 255 
0 0 0 
255 255 255 
155 155 155 
255 255 255 
85 85 85 
255 255 255 
255 255 255 
255 255 255 
1 1 1 
191 159 98 
255 255 255 
191 159 98 
255 255 255 
255 255 255 
255 255 255 
0 0 0 
1 1 1 
255 255 255 
255 255 255 
253 255 252 
255 255 255 
255 255 255 
252 252 252 
255 255 255 
5 5 5 
191 159 98 
28 24 21 
255 255 255 
0 0 0 
255 255 255 
1 1 1 
255 254 255 
255 255 255 
255 255 255 
0 0 0 
255 255 255 
1 1 1 
255 255 255 
104 104 104 
255 255 255 
255 255 255 
232 232 232 
0 0 0 
191 159 98 
238 238 238 
255 255 255 
0 0 0 
255 255 255 
0 0 0 
255 255 255 
255 255 255 
255 255 255 
191 159 98 
0 0 0 
0 0 0 
255 255 255 
255 255 255 
0 0 0 
253 253 253 
74 74 74 
3 3 3 
255 255 255 
255 255 255 
255 255 255 
255 255 255 
255 255 255 
0 0 0 
255 255 255 
255 255 255 
255 255 255 
0 0 0 
8 8 8 
12 12 12 
255 255 255 
0 0 0 
255 255 255 
0 0 0 
255 255 255 
0 0 0 
191 159 98 
255 255 255 
255 255 255 
255 255 255 
255 255 255 
0 0 0 
255 255 255 
246 246 246 
0 0 0 
255 255 255 
2 2 2 
255 255 255 
255 255 255 
0 0 0 
255 255 255 
255 255 255 
255 255 255 
255 255 255 
255 255 255 
255 255 255 
0 0 0 
255 254 255 
255 255 255 
255 255 255 
255 255 255 
255 255 255 
255 255 255 
0 0 0 
191 159 98 
255 255 255 
254 254 254 
255 255 255 
220 146 101 
24 20 19 
255 255 255 
255 255 255 
6 6 6 
0 0 0 
1 1 1 
255 255 255 
255 255 255 
0 0 0 
255 255 255 
255 255 255 
255 252 254 
0 0 0 
252 252 252 
255 255 255 
255 255 255 
0 0 0 
193 159 98 
29 23 23 
255 255 255 
253 250 255 
255 255 255 
255 255 255 
0 0 0 
0 0 0 
255 255 255 
0 0 0 
255 255 255 
255 255 255 
255 255 255 
0 0 0 
250 255 250 
255 255 255 
255 255 255 
160 160 160 
255 255 255 
255 255 255 
0 0 0 
255 255 255 
0 0 0 
255 255 255 
255 255 255 
33 29 26 
255 255 253 
255 255 255 
255 255 255 
0 0 0 
189 161 98 
255 255 255 
191 159 98 
255 255 255 
255 255 255 
255 255 255 
255 255 255 
64 63 61 
179 54 50 
0 0 0 
191 159 98 
255 255 255 
255 255 255 
255 255 255 
255 255 255 
0 0 0 
255 255 255 
255 255 255 
254 255 255 
255 255 255 
191 159 98 
255 255 255 
255 255 255 
255 255 255 
255 250 254 
255 255 255 
255 255 255 
7 7 7 
255 255 255 
0 0 0 
191 159 98 
255 255 255 
0 0 0 
255 253 254 
255 255 255 
255 255 255 
255 255 255 
255 255 255 
194 158 98 
255 255 255 
191 159 98 
255 255 255 
0 0 0 
255 255 255 
205 149 98 
255 255 255 
255 255 255 
255 255 255 
255 255 255 
0 0 0 
251 251 251 
0 0 0 
255 255 255 
0 0 0 
255 255 255 
252 252 252 
255 255 255 
0 0 0 
255 255 255 
0 0 0 
255 255 255 
255 255 255 
191 159 98 
255 255 255 
191 159 98 
254 254 254 
255 255 255 
253 253 253 
255 255 255 
255 255 255 
191 159 98 
255 255 255 
255 255 255 
255 255 255 
191 159 98 
254 254 254 
255 255 255 
246 246 246 
191 159 98 
39 35 34 
186 160 101 
255 255 255 
191 159 98 
255 255 255 
255 255 255 
3 3 3 
192 44 34 
255 255 255 
201 154 98 
1 1 1 
254 255 250 
191 159 98 
255 255 255 
255 255 255 
255 255 255 
190 160 96 
255 255 255 
255 255 255 
252 252 252 
3 3 3 
200 47 31 
255 255 255 
51 51 51 
192 157 91 
21 21 21 
255 255 255 
255 255 255 
0 0 0 
191 159 98 
255 255 255 
255 255 255 
191 159 98 
255 255 255 
255 255 255 
191 159 98 
255 255 255 
249 249 249 
33 23 14 
255 255 255 
191 159 98 
255 255 255 
255 255 255 
191 159 98 
34 26 3 
254 254 254 
1 1 1 
255 255 255 
0 0 0 
255 255 255 
0 0 0 
191 159 98 
78 78 78 
0 0 0 
0 0 0 
255 255 255 
33 22 26 
255 255 255 
193 159 98 
0 0 0 
0 0 0 
162 162 162 
6 6 6 
254 254 254 
0 0 0 
35 28 18 
255 240 239 
1 1 1 
210 38 36 
0 0 0 
255 255 255 
0 0 0 
255 255 255 
0 0 0 
0 0 0 
0 0 0 
0 0 0 
0 0 0 
0 0 0 
43 43 43 
255 255 255 
191 159 98 
0 0 0 
0 0 0 
28 23 20 
0 0 0 
191 159 98 
250 255 252 
191 159 100 
17 17 17 
0 0 0 
0 0 0 
205 49 37 
255 255 255 
255 255 255 
191 159 98 
193 157 105 
0 0 0 
0 0 0 
255 255 255 
189 156 103 
0 0 0 
0 0 0 
0 0 0 
191 159 98 
191 159 98 
169 169 169 
2 2 2 
0 0 0 
191 159 98 
255 255 255 
194 158 98 
145 126 86 
208 41 25 
255 255 255 
255 255 255 
39 39 39 
0 0 0 
206 155 100 
191 159 98 
255 255 255 
190 160 98 
30 26 23 
34 30 27 
0 0 0 
0 0 0 
255 255 255 
191 159 98 
191 161 97 
0 0 0 
35 28 20 
0 0 0 
253 255 249 
0 0 0 
0 0 0 
0 0 0 
191 159 98 
0 0 0 
193 160 91 
191 159 98 
191 159 100 
255 255 255 
0 0 0 
0 0 0 
255 255 255 
190 160 98 
255 255 255 
255 255 255 
0 0 0 
191 159 98 
255 255 255 
255 255 255 
255 255 255 
191 159 98 
0 0 0 
191 159 98 
0 0 0 
255 252 254 
255 218 215 
255 251 251 
173 172 168 
191 159 98 
0 0 0 
0 0 0 
255 255 255 
255 255 255 
255 255 255 
255 255 255 
0 0 0 
0 0 0 
254 254 252 
191 159 98 
187 162 98 
255 255 255 
255 255 255 
0 0 0 
193 158 104 
0 0 0 
211 41 28 
221 124 89 
255 255 255 
0 0 0 
100 100 100 
0 0 0 
255 255 255 
0 0 0 
193 157 97 
255 255 253 
255 255 255 
0 0 0 
0 0 0 
0 0 0 
191 159 98 
255 255 255 
191 159 98 
0 0 0 
255 253 255 
255 255 255 
191 159 98 
0 0 0 
191 159 98 
254 254 254 
255 253 254 
191 159 98 
4 4 4 
255 255 255 
0 0 0 
255 255 255 
252 251 249 
0 0 0 
0 0 0 
0 0 0 
0 0 0 
0 0 0 
191 159 98 
191 159 98 
0 0 0 
0 0 0 
0 0 0 
255 255 255 
0 0 0 
0 0 0 
255 255 255 
0 0 0 
0 0 0 
255 251 255 
215 149 99 
190 160 98 
255 255 250 
3 3 3 
193 159 98 
255 255 255 
0 0 0 
255 255 255 
191 159 98 
195 44 27 
0 0 0 
191 159 98 
0 0 0 
0 0 0 
255 255 255 
0 0 0 
255 254 255 
195 159 99 
255 255 255 
0 0 0 
255 255 255 
0 0 0 
255 255 255 
255 255 255 
255 255 255 
255 255 255 
255 255 255 
136 136 136 
0 0 0 
191 159 98 
255 255 255 
191 159 98 
191 159 98 
0 0 0 
255 255 255 
255 255 255 
191 159 98 
0 0 0 
0 0 0 
0 0 0 
191 159 98 
251 250 248 
0 0 0 
0 0 0 
255 255 255 
0 0 0 
1 1 1 
0 0 0 
191 160 103 
191 159 98 
255 255 255 
255 255 255 
255 255 255 
255 255 255 
27 25 26 
0 0 0 
255 255 255 
0 0 0 
36 31 28 
0 0 0 
255 255 255 
178 178 178 
255 255 255 
255 255 255 
255 255 255 
255 255 255 
0 0 0 
2 2 0 
0 0 0 
255 255 255 
0 0 0 
187 159 96 
193 158 102 
255 255 255 
255 255 253 
191 159 98 
255 255 255 
249 249 247 
191 159 98 
254 255 255 
252 252 252 
0 0 0 
255 255 255 
0 0 0 
193 159 98 
0 0 0 
205 47 38 
252 252 252 
30 25 22 
255 236 237 
253 255 254 
255 255 255 
255 255 255 
191 159 98 
255 255 255 
196 157 98 
193 159 98 
255 255 255 
255 255 255 
255 255 255 
255 255 255 
2 2 0 
3 3 1 
151 151 151 
255 255 255 
255 255 255 
192 158 94 
255 255 255 
255 254 255 
255 255 255 
196 158 95 
255 255 255 
255 255 255 
255 255 255 
255 255 255 
255 255 255 
229 161 158 
255 255 255 
255 255 255 
249 249 249 
255 255 255 
255 255 255 
209 42 33 
127 127 127 
31 24 16 
0 0 0 
255 255 255 
255 255 255 
2 2 2 
33 24 25 
191 160 96 
255 255 255 
191 159 102 
249 249 249 
255 255 255 
255 255 255 
0 0 0 
255 244 249 
255 255 255 
0 0 0 
255 255 255 
255 255 255 
185 159 102 
0 0 0 
255 255 255 
255 255 255 
255 255 255 
67 67 67 
191 160 96 
5 5 5 
255 255 255 
188 160 97 
255 255 255 
0 0 0 
197 46 25 
0 0 0 
255 255 255 
7 7 7 
255 255 255 
255 255 255 
255 255 255 
255 255 255 
255 255 255 
192 159 106 
62 48 22 
3 3 3 
195 85 48 
255 255 255 
254 252 255 
255 255 255 
255 255 255 
191 159 98 
255 255 255 
255 255 255 
33 27 27 
255 255 255 
255 255 255 
255 255 255 
188 163 99 
0 0 0 
224 122 84 
255 255 255 
83 61 38 
3 3 3 
255 249 252 
20 20 20 
191 159 98 
0 0 0 
213 40 34 
255 255 255 
255 255 255 
255 255 255 
255 255 255 
2 2 2 
255 255 255 
255 255 255 
255 255 255 
255 255 255 
255 255 255 
255 255 255 
191 159 98 
255 255 255 
196 164 105 
255 253 253 
255 255 255 
255 255 255 
33 28 25 
4 4 4 
191 159 98 
255 255 255 
193 160 93 
255 249 252 
53 33 0 
33 24 19 
255 255 255 
246 246 246 
255 255 255 
4 4 4 
255 255 255 
255 255 255 
255 255 255 
194 158 96 
255 255 255 
255 255 255 
255 255 255 
255 255 255 
254 254 254 
252 252 252 
255 255 255 
255 255 255 
255 255 255 
255 255 255 
255 255 255 
255 255 255 
255 255 255 
191 159 98 
255 255 255 
255 255 255 
255 255 255 
255 255 255 
194 160 99 
254 252 255 
184 160 100 
255 255 255 
193 158 100 
255 255 255 
255 255 255 
255 255 255 
191 159 98 
255 255 255 
255 255 255 
255 255 255 
255 255 255 
255 255 255 
255 255 255 
255 255 255 
212 41 31 
191 159 98 
255 255 255 
225 225 225 
255 254 255 
255 255 255 
191 159 98 
1 1 1 
255 255 255 
255 255 255 
255 255 255 
255 255 255 
255 255 255 
255 255 255 
255 255 255 
255 255 255 
255 250 250 
188 163 96 
191 159 98 
255 255 255 
255 255 255 
255 255 255 
191 159 98 
191 159 98 
194 158 96 
255 255 255 
31 27 26 
255 255 255 
192 162 102 
180 83 74 
255 255 255 
255 255 255 
194 158 98 
255 255 255 
255 255 255 
194 158 100 
255 255 255 
255 255 255 
255 255 255 
255 255 255 
255 255 255 
255 254 255 
255 255 255 
255 255 255 
193 159 98 
27 27 25 
255 255 255 
191 159 98 
255 255 255 
255 255 255 
255 255 255 
214 45 42 
196 157 100 
255 255 255 
191 159 98 
30 26 23 
248 255 254 
255 255 255 
255 255 255 
255 255 255 
191 159 98 
253 253 253 
255 255 255 
191 159 98 
255 254 250 
255 255 255 
255 255 255 
255 255 255 
191 159 98 
255 255 255 
191 159 98 
191 159 98 
191 159 98 
255 255 255 
191 159 98 
255 255 255 
255 255 255 
255 255 255 
255 255 255 
255 255 255 
255 255 255 
255 255 255 
191 159 98 
255 255 255 
255 255 255 
255 255 255 
255 255 255 
255 255 255 
255 255 255 
191 159 98 
255 253 254 
255 255 255 
254 255 255 
191 159 98 
254 255 255 
255 255 255 
254 255 255 
255 255 255 
255 255 255 
255 255 255 
255 255 255 
205 42 33 
255 255 255 
255 255 255 
255 255 255 
255 255 255 
255 255 255 
255 255 255 
255 255 255 
255 255 255 
191 159 98 
196 196 196 
255 255 255 
191 159 98 
255 255 255 
255 255 255 
255 255 255 
255 255 255 
191 159 98 
191 159 98 
255 255 255 
228 134 124 
36 32 31 
191 159 98 
36 32 31 
254 255 250 
191 159 98 
191 159 98 
34 30 29 
255 255 255 
250 250 250 
0 0 0 
241 241 241 
255 255 255 
186 73 67 
253 253 253 
255 255 255 
255 255 255 
31 25 25 
191 159 98 
255 255 255 
255 255 255 
191 158 104 
255 255 255 
191 159 98 
253 253 253 
191 159 98 
255 255 255 
254 255 255 
255 255 255 
255 255 255 
255 255 255 
255 255 255 
255 255 255 
255 255 255 
255 255 255 
255 255 255 
255 255 255 
255 236 228 
255 255 255 
255 255 255 
255 255 255 
170 170 170 
191 159 98 
255 255 255 
0 0 0 
255 255 255 
255 255 255 
255 255 255 
4 4 4 
255 255 255 
255 255 255 
170 170 170 
255 255 255 
255 255 255 
191 159 98 
255 255 255 
2 2 2 
255 255 255 
254 254 254 
191 159 98 
255 255 255 
255 255 255 
1 1 1 
191 159 98 
191 159 98 
212 146 98 
255 255 255 
98 98 98 
255 255 255 
191 159 98 
0 0 0 
190 160 100 
255 255 255 
255 255 255 
0 0 0 
191 159 98 
255 255 255 
191 159 98 
241 241 241 
255 240 240 
255 255 255 
191 159 98 
255 255 255 
249 249 249 
255 255 255 
255 255 255 
255 255 255 
255 255 255 
191 159 98 
255 255 255 
255 255 255 
255 254 255 
255 255 255 
255 255 255 
239 239 239 
191 159 98 
137 137 137 
191 159 98 
255 255 255 
82 82 82 
255 255 255 
255 255 255 
255 255 255 
255 255 255 
217 217 217 
251 255 255 
255 255 255 
191 159 98 
18 18 18 
253 253 253 
255 255 255 
197 197 197 
0 0 0 
0 0 0 
53 53 53 
255 255 255 
255 255 255 
255 255 255 
2 2 2 
2 2 2 
255 255 255 
255 255 255 
0 0 0 
47 47 47 
255 255 255 
0 0 0 
255 243 241 
181 67 67 
255 255 255 
0 0 0 
255 255 255 
31 25 25 
0 0 0 
0 0 0 
187 159 96 
255 255 255 
0 0 0 
255 255 255 
255 255 255 
255 255 255 
0 0 0 
255 255 255 
191 159 98 
191 159 98 
178 178 178 
136 136 136 
191 159 98 
0 0 0 
255 255 255 
255 255 255 
34 26 23 
234 234 234 
0 0 0 
20 20 20 
191 159 98 
255 255 255 
24 24 24 
0 0 0 
255 255 255 
255 255 255 
255 255 255 
255 255 255 
254 254 254 
191 159 98 
245 245 245 
254 254 254 
2 2 2 
193 159 98 
0 0 0 
255 255 255 
191 159 98 
191 159 98 
255 255 255 
191 159 98 
255 255 255 
189 161 98 
0 0 0 
0 0 0 
254 254 254 
255 255 255 
254 254 254 
253 255 249 
1 1 1 
255 238 227 
191 191 191 
0 0 0 
3 3 3 
255 255 255 
226 226 226 
4 4 4 
177 177 177 
255 255 255 
0 0 0 
251 251 251 
255 255 255 
7 7 7 
54 54 54 
10 10 10 
0 0 0 
252 252 252 
255 255 255 
3 3 3 
0 0 0 
0 0 0 
0 0 0 
0 0 0 
0 0 0 
255 230 227 
0 0 0 
191 159 98 
255 255 255 
2 2 2 
254 254 254 
255 255 255 
191 159 98 
24 24 24 
3 3 3 
0 0 0 
255 255 255 
255 255 255 
0 0 0 
191 159 98 
0 0 0 
255 255 255 
11 11 11 
188 160 97 
48 48 48 
0 0 0 
0 0 0 
0 0 0 
0 0 0 
244 244 244 
0 0 0 
0 0 0 
0 0 0 
0 0 0 
0 0 0 
0 0 0 
255 255 255 
9 9 9 
64 64 64 
0 0 0 
255 255 255 
0 0 0 
252 252 252 
0 0 0 
191 159 98 
254 254 254 
255 255 255 
254 252 255 
255 255 255 
0 0 0 
189 162 95 
0 0 0 
0 0 0 
31 26 23 
0 0 0 
255 255 255 
255 255 255 
0 0 0 
0 0 0 
191 159 98 
191 159 98 
189 161 98 
0 0 0 
0 0 0 
0 0 0 
0 0 0 
0 0 0 
0 0 0 
0 0 0 
0 0 0 
0 0 0 
0 0 0 
0 0 0 
0 0 0 
1 1 1 
0 0 0 
251 250 248 
0 0 0 
255 255 255 
0 0 0 
0 0 0 
0 0 0 
0 0 0 
0 0 0 
0 0 0 
191 159 98 
241 240 238 
71 71 71 
0 0 0 
1 1 1 
187 161 100 
0 0 0 
255 255 255 
3 3 3 
0 0 0 
0 0 0 
255 255 255 
255 255 255 
0 0 0 
255 255 255 
255 255 255 
133 133 133 
191 159 98 
0 0 0 
0 0 0 
10 10 10 
0 0 0 
0 0 0 
191 159 98 
0 0 0 
10 10 10 
0 0 0 
1 1 1 
253 253 253 
0 0 0 
1 1 1 
0 0 0 
96 96 96 
0 0 0 
2 2 2 
233 233 233 
40 40 40 
0 0 0 
191 159 98 
223 223 223 
255 255 255 
255 255 255 
0 0 0 
191 159 98 
207 103 94 
255 255 255 
5 5 5 
230 230 230 
4 4 4 
254 254 254 
255 255 250 
184 184 184 
106 106 106 
191 159 98 
131 131 131 
255 255 255 
8 8 8 
254 254 254 
255 255 255 
191 159 98 
6 6 6 
255 255 255 
255 255 255 
4 4 4 
250 250 250 
255 255 255 
0 0 0 
4 4 4 
255 255 255 
193 193 193 
254 254 254 
255 255 255 
2 2 2 
4 4 4 
1 1 1 
255 255 255 
255 255 255 
255 255 255 
255 255 255 
1 1 1 
1 1 1 
191 159 98 
255 255 255 
255 255 255 
0 0 0 
255 255 255 
0 0 0 
255 255 255 
10 10 10 
255 255 255 
0 0 0 
191 159 98 
255 255 255 
30 29 27 
187 69 41 
255 255 255 
3 3 3 
55 55 55 
203 203 203 
255 255 255 
191 159 98 
255 252 251 
2 2 2 
191 159 98 
36 36 36 
255 255 255 
53 53 53 
191 159 98 
6 6 6 
191 159 98 
0 0 0 
250 255 251 
0 0 0 
255 255 255 
240 240 240 
191 159 98 
1 1 1 
255 255 255 
255 255 255 
13 13 13 
3 3 3 
255 255 255 
118 118 118 
193 159 98 
104 104 104 
191 159 98 
191 159 98 
191 159 98 
125 125 125 
254 255 255 
191 159 98 
255 255 255 
191 159 98 
0 0 0 
0 0 0 
255 255 255 
191 159 98 
201 63 37 
249 249 249 
255 255 255 
255 255 255 
255 255 255 
34 34 34 
255 255 255 
1 1 1 
255 255 255 
0 0 0 
191 159 98 
191 159 98 
191 159 98 
19 19 19 
206 39 21 
93 93 93 
191 159 98 
26 22 21 
191 159 98 
191 159 98 
195 66 37 
0 0 0 
0 0 0 
1 1 1 
188 57 27 
191 159 98 
191 159 98 
255 255 253 
191 159 98 
244 244 244 
191 159 98 
0 0 0 
195 159 97 
0 0 0 
255 255 255 
0 0 0 
191 159 98 
0 0 0 
255 255 255 
31 31 31 
191 159 98 
254 254 254 
191 159 98 
247 247 247 
255 255 255 
191 159 98 
191 159 98 
191 159 98 
253 253 253 
255 255 255 
191 159 98 
255 255 255 
200 47 33 
191 159 98 
191 159 98 
191 159 98 
191 159 98 
0 0 0 
255 235 225 
6 6 6 
251 255 253 
255 255 255 
191 159 98 
5 5 5 
200 40 26 
3 3 3 
193 159 98 
4 4 4 
20 20 20 
0 0 0 
191 159 98 
0 0 0 
191 159 98 
254 254 254 
255 255 255 
0 0 0 
214 47 38 
191 159 98 
255 255 255 
0 0 0 
255 255 255 
0 0 0 
0 0 0 
191 159 98 
0 0 0 
0 0 0 
255 255 255 
11 11 11 
255 255 255 
8 8 8 
255 255 255 
0 0 0 
0 0 0 
0 0 0 
0 0 0 
1 1 1 
255 252 255 
191 159 98 
255 255 255 
0 0 0 
1 1 1 
0 0 0 
199 45 33 
191 159 98 
0 0 0 
255 255 255 
2 2 2 
0 0 0 
191 159 98 
0 0 0 
191 159 98 
255 255 255 
1 1 1 
199 155 92 
0 0 0 
191 159 98 
4 4 4 
255 253 254 
2 2 2 
0 0 0 
255 255 255 
0 0 0 
255 255 255 
0 0 0 
191 159 98 
28 28 28 
0 0 0 
191 159 98 
255 255 255 
191 159 98 
255 255 255 
94 94 94 
229 229 229 
255 255 255 
0 0 0 
21 21 21 
56 56 56 
0 0 0 
1 1 1 
255 255 255 
255 255 255 
0 0 0 
0 0 0 
191 159 98 
49 49 49 
255 255 255 
255 255 255 
255 193 185 
255 255 255 
190 160 98 
255 255 255 
255 255 255 
0 0 0 
255 254 255 
253 253 253 
194 158 100 
9 9 9 
0 0 0 
191 159 98 
191 159 98 
0 0 0 
191 159 98 
0 0 0 
255 255 255 
0 0 0 
191 159 98 
236 236 236 
194 157 102 
82 82 82 
255 255 255 
191 159 98 
191 159 98 
191 159 98 
255 255 255 
249 250 252 
255 255 255 
254 254 254 
30 25 22 
191 159 98 
255 253 254 
255 255 255 
191 159 98 
2 2 2 
252 169 163 
255 255 255 
5 5 5 
136 136 136 
191 159 98 
255 255 255 
255 255 255 
255 255 255 
254 255 255 
0 0 0 
9 9 9 
255 255 255 
255 255 253 
255 255 255 
191 159 98 
191 159 98 
255 255 255 
2 2 2 
255 255 255 
0 0 0 
255 255 255 
255 255 255 
28 23 20 
0 0 0 
191 159 98 
255 255 255 
191 159 98 
0 0 0 
191 159 98 
255 255 255 
191 159 98 
255 255 255 
255 255 255 
255 255 255 
0 0 0 
255 255 255 
247 247 247 
255 255 255 
66 66 66 
196 196 196 
255 255 255 
8 8 8 
254 252 255 
1 1 1 
191 159 98 
2 2 2 
191 159 98 
255 255 255 
204 204 204 
73 73 73 
255 255 255 
251 251 251 
191 159 98 
255 255 255 
0 0 0 
255 255 255 
1 1 1 
1 1 1 
255 255 255 
3 3 3 
255 255 255 
155 155 155 
214 146 101 
0 0 0 
191 159 98 
0 0 0 
191 159 98 
255 255 255 
0 0 0 
4 4 4 
191 159 98 
8 8 8 
184 65 33 
0 0 0 
253 253 251 
0 0 0 
191 159 98 
0 0 0 
255 255 255 
251 251 251 
191 159 98 
8 8 6 
241 241 241 
251 251 251 
0 0 0 
0 0 0 
255 255 255 
255 255 255 
219 38 29 
255 255 255 
255 255 255 
0 0 0 
254 254 254 
5 5 5 
255 255 255 
0 0 0 
255 255 255 
5 5 5 
255 255 255 
2 2 2 
77 77 77 
255 255 255 
255 255 255 
0 0 0 
191 159 98 
0 0 0 
78 78 78 
255 255 255 
2 2 2 
191 159 98 
194 158 98 
255 255 255 
255 255 255 
0 0 0 
191 159 98 
248 255 255 
191 159 98 
255 255 255 
255 255 255 
2 2 2 
191 159 98 
255 255 255 
191 159 98 
191 159 98 
255 192 186 
255 255 255 
255 255 255 
114 114 114 
145 141 140 
0 0 0 
191 159 98 
205 154 99 
255 255 255 
191 159 98 
193 158 100 
250 255 254 
191 159 98 
191 159 98 
191 159 98 
255 255 255 
191 159 98 
238 238 238 
255 255 255 
255 255 255 
255 255 255 
191 159 98 
191 159 98 
191 159 98 
32 28 25 
190 160 98 
255 255 255 
255 255 255 
255 255 255 
255 255 253 
255 255 255 
190 160 98 
255 255 255 
191 159 98 
191 159 98 
255 255 255 
191 159 98 
255 255 255 
191 159 98 
255 255 255 
211 39 29 
255 255 255 
202 44 32 
191 159 98 
191 159 98 
255 255 255 
255 255 255 
117 117 117 
191 159 98 
179 179 179 
191 159 98 
255 253 247 
253 255 249 
255 255 255 
191 159 98 
191 159 98 
12 12 12 
191 159 98 
191 159 98 
255 255 255 
191 159 98 
189 160 100 
191 159 98 
191 159 98 
191 159 98 
255 255 255 
0 0 0 
254 254 254 
201 49 38 
136 136 136 
191 159 98 
0 0 0 
255 255 255 
0 0 0 
191 159 98 
255 255 255 
191 159 98 
197 50 34 
205 42 33 
0 0 0 
193 161 100 
191 159 98 
255 255 255 
191 159 98 
191 159 98 
0 0 0 
6 6 6 
255 255 255 
191 159 98 
0 0 0 
255 255 255 
9 9 9 
191 159 98 
0 0 0 
255 244 240 
255 255 255 
191 159 98 
0 0 0 
255 255 255 
0 0 0 
191 159 98 
255 255 255 
255 255 255 
0 0 0 
191 161 99 
32 26 26 
191 159 98 
191 159 98 
191 159 98 
255 255 255 
255 255 255 
191 159 100 
191 159 98 
189 47 45 
191 159 98 
255 255 255 
191 159 98 
255 255 255 
191 159 98 
191 159 98 
0 0 0 
255 255 255 
255 255 255 
191 159 98 
255 255 255 
255 255 255 
191 159 98 
191 159 98 
255 255 255 
0 0 0 
255 255 255 
190 160 96 
255 255 255 
0 0 0 
255 255 255 
255 250 247 
255 255 255 
255 255 255 
0 0 0 
255 255 255 
255 252 255 
191 159 98 
191 159 98 
191 159 98 
191 159 98 
208 37 27 
255 255 255 
253 253 253 
193 159 98 
191 159 98 
255 255 255 
255 255 255 
191 159 98 
252 251 255 
253 253 253 
7 7 7 
255 255 255 
255 255 255 
191 159 98 
255 255 255 
140 140 140 
0 0 0 
255 255 255 
231 231 231 
255 255 255 
248 248 248 
255 255 255 
252 255 255 
255 255 255 
255 255 255 
191 159 98 
0 0 0 
191 159 98 
201 156 99 
255 255 255 
255 255 255 
33 32 30 
255 255 255 
1 1 1 
252 255 255 
202 154 105 
94 94 94 
191 159 98 
255 255 255 
255 255 255 
4 4 4 
191 159 98 
191 159 98 
191 159 98 
0 0 0 
255 255 255 
3 3 3 
255 255 255 
255 255 255 
0 0 0 
0 0 0 
32 27 24 
0 0 0 
255 255 255 
251 255 252 
191 159 98 
255 255 255 
255 247 236 
10 10 10 
255 255 255 
255 255 255 
255 254 252 
59 43 18 
255 255 255 
0 0 0 
191 159 98 
199 45 35 
255 253 255 
255 255 255 
255 255 255 
193 158 100 
191 159 98 
255 253 255 
255 255 255 
255 255 255 
255 255 255 
255 255 255 
1 1 1 
255 255 255 
1 1 1 
255 255 255 
255 255 255 
255 255 255 
255 255 255 
191 159 98 
255 255 255 
191 159 98 
254 254 254 
191 159 98 
191 159 102 
0 0 0 
255 255 255 
255 255 255 
255 255 255 
255 241 237 
0 0 0 
252 252 252 
255 255 255 
255 255 255 
96 96 96 
255 255 255 
3 3 3 
67 67 67 
255 255 255 
255 255 255 
0 0 0 
255 255 255 
253 253 253 
191 159 98 
255 255 255 
191 152 93 
223 223 223 
0 0 0 
254 254 254 
255 255 255 
255 255 255 
255 255 255 
3 3 3 
255 255 255 
0 0 0 
255 255 255 
255 255 255 
255 255 255 
191 159 98 
255 255 255 
255 255 255 
255 255 255 
255 255 255 
255 255 255 
255 255 255 
255 255 255 
254 254 254 
255 255 255 
0 0 0 
255 255 255 
255 255 255 
255 255 255 
255 202 187 
255 255 255 
255 255 255 
255 255 255 
255 248 255 
255 255 255 
255 255 255 
255 255 255 
1 1 1 
255 255 255 
255 255 255 
255 255 255 
191 159 98 
0 0 0 
254 254 254 
10 10 10 
191 159 98 
255 255 255 
247 247 247 
255 255 255 
255 255 253 
255 255 255 
5 5 5 
255 255 255 
191 157 94 
191 159 98 
255 255 255 
255 255 255 
0 0 0 
255 255 255 
255 255 255 
55 55 55 
214 115 76 
255 255 255 
255 255 255 
191 159 98 
0 0 0 
200 157 104 
254 254 254 
191 159 98 
255 255 255 
255 255 255 
1 1 1 
255 255 255 
254 254 254 
255 255 255 
0 0 0 
191 159 98 
56 56 56 
255 255 255 
90 90 90 
255 255 255 
255 255 255 
255 255 255 
162 158 157 
255 255 255 
253 253 253 
182 158 112 
255 255 255 
177 59 55 
255 255 255 
189 161 98 
255 255 255 
255 255 255 
255 255 255 
255 255 255 
255 255 255 
181 157 95 
255 255 255 
255 255 255 
28 23 20 
191 159 98 
217 39 27 
219 219 219 
255 255 255 
248 255 254 
255 255 255 
191 159 98 
255 255 255 
255 255 255 
0 0 0 
255 255 255 
255 255 255 
255 253 255 
251 251 251 
255 255 255 
0 0 0 
255 255 255 
255 255 255 
255 255 255 
191 159 98 
255 255 255 
255 255 255 
255 255 255 
255 255 255 
255 255 255 
255 255 255 
194 158 96 
250 250 250 
255 255 255 
255 255 255 
191 159 98 
255 255 255 
255 255 255 
250 250 250 
255 255 255 
2 2 2 
255 255 255 
255 255 255 
255 255 255 
55 55 55 
191 159 98 
255 255 255 
255 255 255 
0 0 0 
255 255 255 
253 253 253 
191 159 98 
28 23 20 
255 255 255 
255 255 255 
255 255 255 
255 255 255 
255 255 255 
255 255 255 
26 21 18 
255 255 255 
255 255 255 
255 255 255 
255 255 255 
29 29 29 
255 255 255 
90 90 90 
254 254 254 
255 255 255 
1 1 1 
255 255 255 
255 255 255 
255 255 255 
175 171 168 
251 255 255 
253 253 253 
200 200 200 
255 255 255 
74 74 74 
191 159 98 
255 255 255 
255 255 255 
128 128 128 
255 255 255 
39 39 39 
255 255 255 
104 104 104 
255 255 255 
247 247 247 
255 255 255 
1 1 1 
251 251 251 
255 255 255 
255 255 255 
255 255 255 
255 255 255 
28 28 28 
255 255 255 
255 255 255 
255 255 255 
255 255 255 
247 247 247 
255 255 255 
215 38 28 
227 227 227 
255 255 255 
254 254 254 
255 255 255 
0 0 0 
190 160 98 
255 255 255 
255 255 255 
0 0 0 
196 157 98 
254 254 254 
255 255 255 
255 255 255 
191 159 98 
252 252 252 
255 255 255 
255 255 255 
255 255 255 
255 255 255 
255 255 255 
255 255 255 
254 254 254 
255 255 255 
255 255 255 
193 159 98 
255 255 255 
255 255 255 
191 159 98 
191 159 98 
255 255 255 
255 255 255 
254 254 252 
245 245 245 
191 159 98 
191 159 98 
195 40 18 
2 2 2 
190 160 100 
255 255 255 
191 159 98 
254 254 254 
255 255 255 
13 13 13 
40 27 19 
255 255 255 
255 255 255 
191 159 98 
191 159 98 
251 251 251 
191 159 98 
255 255 255 
255 255 255 
255 255 255 
191 159 98 
255 255 255 
191 159 98 
191 159 98 
191 159 98 
42 42 42 
191 159 98 
191 159 98 
191 159 98 
255 255 255 
255 255 255 
255 255 255 
255 251 248 
255 255 255 
216 144 96 
0 0 0 
255 255 255 
255 255 255 
191 159 98 
253 253 253 
255 255 255 
255 255 255 
191 159 98 
225 225 225 
216 216 216 
255 253 254 
190 160 98 
255 254 255 
255 237 238 
255 255 255 
6 6 6 
9 9 9 
255 255 255 
250 250 250 
255 255 255 
0 0 0 
191 159 98 
255 255 255 
191 159 98 
1 1 1 
191 159 98 
255 255 255 
191 159 98 
33 33 33 
191 159 98 
0 0 0 
191 159 98 
254 254 254 
191 159 98 
6 6 6 
20 20 20 
9 9 9 
0 0 0 
0 0 0 
190 159 104 
158 158 158 
3 3 3 
250 250 250 
255 255 255 
0 0 0 
1 1 1 
254 254 254 
7 7 7 
255 255 255 
192 192 192 
255 255 255 
48 48 48 
2 2 2 
255 255 255 
2 2 2 
3 3 3 
250 250 250 
255 255 255 
255 255 255 
255 255 255 
0 0 0 
125 125 125 
252 252 252 
255 255 255 
255 255 255 
255 255 255 
255 255 255 
185 57 30 
255 255 255 
247 247 247 
38 38 38 
255 255 255 
3 3 3 
255 255 255 
249 249 249 
255 255 255 
0 0 0 
189 160 100 
254 254 254 
191 159 98 
241 241 241 
255 255 255 
255 255 255 
255 255 255 
206 148 100 
191 57 54 
255 255 255 
255 255 255 
183 156 103 
191 159 98 
255 255 255 
11 11 11 
108 108 108 
191 159 98 
255 255 255 
191 159 98 
255 255 255 
255 255 255 
191 159 100 
191 159 98 
36 23 17 
18 18 18 
193 159 98 
0 0 0 
255 255 255 
34 29 23 
255 255 255 
188 158 98 
255 255 255 
187 157 97 
255 255 255 
191 159 98 
7 7 7 
190 160 98 
0 0 0 
191 159 98 
255 255 255 
191 159 98 
255 255 255 
194 43 24 
255 249 250 
188 162 113 
255 255 255 
193 158 100 
7 7 7 
218 39 32 
255 255 255 
255 255 255 
255 255 255 
190 161 93 
254 254 254 
191 160 95 
255 255 255 
223 223 223 
250 250 250 
28 22 22 
242 242 242 
13 13 13 
9 9 9 
189 161 98 
255 255 255 
207 156 101 
255 255 255 
191 159 98 
255 255 255 
191 160 95 
0 0 0 
255 255 255 
255 255 255 
191 159 98 
255 255 255 
191 159 98 
255 255 255 
255 255 255 
255 255 255 
255 255 255 
5 5 5 
255 255 255 
255 255 255 
255 255 255 
9 9 9 
255 255 255 
255 255 255 
255 255 255 
0 0 0 
255 255 255 
255 255 255 
255 255 255 
160 160 160 
253 253 255 
250 254 253 
255 255 255 
255 255 255 
255 255 255 
191 159 98 
255 255 255 
1 1 1 
255 255 255 
255 255 255 
255 255 255 
255 255 255 
230 230 230 
255 255 255 
255 255 255 
252 251 249 
191 159 98 
255 255 255 
254 254 254 
191 159 98 
191 159 100 
255 255 255 
251 250 248 
5 5 5 
255 255 255 
215 149 101 
193 158 100 
252 250 251 
255 255 255 
255 255 255 
255 255 255 
0 0 0 
255 255 255 
255 255 255 
255 255 253 
255 234 226 
252 252 252 
255 255 255 
186 154 95 
255 255 255 
255 255 255 
254 254 255 
62 39 7 
191 159 98 
231 231 231 
0 0 0 
30 24 24 
191 159 98 
255 253 254 
1 1 1 
255 255 255 
154 150 147 
0 0 0 
255 255 255 
192 161 97 
255 255 255 
255 255 255 
255 255 255 
255 255 255 
253 251 252 
255 255 255 
255 255 255 
0 0 0 
255 255 255 
255 255 255 
115 114 112 
255 235 228 
210 101 68 
100 99 97 
203 40 21 
255 255 255 
255 255 255 
255 255 255 
191 159 98 
255 255 255 
194 158 98 
255 255 255 
255 255 255 
60 60 60 
191 159 98 
1 1 1 
191 159 98 
191 159 98 
255 255 255 
0 0 0 
255 251 255 
248 255 252 
0 0 0 
191 159 98 
255 255 255 
200 163 95 
255 255 255 
1 1 1 
255 255 255 
191 159 98 
255 255 255 
196 160 98 
255 255 255 
252 252 252 
2 2 2 
0 0 0 
255 255 255 
255 252 255 
254 255 255 
191 159 98 
191 159 98 
191 159 98 
191 159 98 
255 255 255 
255 255 255 
191 159 98 
255 254 253 
191 159 98 
191 159 98 
191 159 98 
31 25 25 
190 160 98 
70 70 70 
255 255 255 
191 159 98 
191 159 98 
243 245 244 
194 158 96 
205 95 96 
191 159 98 
213 103 68 
255 255 255 
247 255 250 
248 253 247 
255 255 255 
207 109 80 
191 159 98 
191 159 98 
255 255 255 
191 160 96 
191 159 98 
255 255 255 
191 159 98 
255 255 255 
255 255 255 
4 4 4 
191 159 98 
250 255 254 
191 159 98 
191 159 98 
254 255 255 
82 82 82 
254 255 255 
255 255 255 
31 26 23 
255 255 255 
212 41 33 
253 254 255 
191 159 98 
255 255 255 
255 255 255 
47 29 5 
130 130 130 
191 159 98 
255 255 253 
187 162 98 
0 0 0 
191 159 98 
191 159 98 
191 159 98 
255 255 255 
255 255 255 
255 255 255 
111 107 108 
255 255 255 
255 253 252 
255 255 255 
224 224 224 
191 159 98 
22 24 23 
255 255 255 
4 4 4 
7 7 7 
195 159 99 
255 255 255 
255 255 255 
253 255 250 
250 250 250 
255 255 255 
163 163 163 
255 255 255 
254 255 255 
189 161 98 
8 8 8 
255 255 255 
220 48 48 
249 253 252 
2 2 2 
186 52 25 
254 254 254 
255 255 255 
193 76 69 
255 255 255 
255 255 255 
218 36 25 
116 116 116 
191 159 98 
191 159 98 
193 46 28 
198 158 99 
255 253 254 
248 248 248 
255 255 255 
207 41 29 
1 1 1 
3 3 3 
250 249 255 
255 237 231 
191 159 98 
251 252 247 
189 189 189 
255 255 255 
191 159 98 
191 159 98 
44 35 40 
191 159 98 
250 240 241 
255 255 255 
255 255 255 
255 255 255 
191 159 98 
191 159 98 
197 157 98 
191 159 98 
255 255 255 
253 255 254 
255 255 255 
0 0 0 
57 57 57 
191 159 98 
255 253 254 
21 21 21 
96 94 95 
46 30 14 
191 159 98 
191 159 98 
203 99 64 
243 255 253 
191 159 98 
221 127 91 
191 159 98 
200 50 25 
191 159 98 
255 255 255 
255 255 255 
255 255 255 
191 159 98 
187 158 92 
191 159 98 
191 159 98 
191 159 98 
191 159 98 
191 159 98 
191 159 98 
191 159 98 
191 159 98 
191 159 98 
38 27 23 
191 159 98 
255 255 255 
191 159 98 
211 40 32 
2 2 2 
89 75 48 
255 255 255 
187 162 98 
241 241 241 
213 39 30 
255 255 255 
219 120 81 
255 255 255 
30 25 22 
255 255 255 
193 159 96 
191 159 98 
255 255 255 
255 255 255 
255 255 255 
195 163 104 
193 158 100 
185 184 182 
191 159 98 
191 159 98 
46 43 28 
30 25 22 
190 159 102 
189 161 98 
255 255 255 
191 159 98 
34 0 0 
191 159 98 
28 27 25 
255 255 255 
255 245 252 
255 255 255 
191 159 98 
253 253 251 
194 157 102 
206 33 26 
208 153 99 
81 78 69 
255 253 255 
193 159 98 
255 255 255 
254 254 254 
199 164 110 
191 159 98 
28 23 20 
216 142 97 
191 156 98 
255 206 206 
191 159 98 
191 159 98 
255 255 255 
207 150 95 
255 255 255 
194 158 100 
191 159 98 
191 159 98 
191 159 98 
200 47 42 
191 159 98 
255 255 255 
255 255 255 
210 150 100 
255 255 255 
186 158 95 
255 255 255 
206 44 29 
34 27 21 
191 159 98 
191 159 98 
191 159 108 
41 26 0 
191 159 98 
78 65 31 
49 35 9 
190 161 93 
255 255 255 
255 255 255 
255 255 255 
255 255 255 
255 254 255 
191 159 98 
191 159 98 
255 255 255 
255 255 255 
191 159 98 
255 237 234 
191 159 98 
32 23 26 
255 255 255 
255 255 255 
191 159 100 
255 255 255 
255 255 255 
191 159 98 
39 30 23 
191 159 98 
193 158 102 
193 162 98 
191 159 98 
199 54 27 
191 159 98 
255 252 255 
194 159 103 
255 255 255 
193 158 100 
191 159 98 
188 157 102 
255 255 255 
193 158 104 
191 159 98 
41 28 11 
191 159 98 
196 157 98 
255 255 255 
26 25 21 
34 25 26 
45 29 16 
191 159 98 
255 255 255 
255 255 255 
187 161 102 
191 159 98 
29 29 21 
191 159 98 
210 36 29 
193 159 95 
192 158 97 
254 254 246 
190 160 100 
255 255 255 
185 157 107 
199 43 28 
190 159 102 
255 255 255 
255 255 255 
191 159 98 
190 159 112 
255 255 255 
255 255 255 
252 179 172 
255 255 255 
193 159 98 
177 158 116 
208 40 31 
255 255 255 
191 159 98 
191 156 98 
255 255 255 
193 157 105 
255 255 255 
188 157 93 
255 255 255 
255 255 255 
191 159 98 
255 255 255 
201 161 102 
255 255 255 
255 255 255 
255 255 255 
191 159 98 
255 255 255 
181 155 106 
255 255 255 
255 255 255 
192 156 96 
255 255 255 
212 38 29 
255 253 255 
255 255 255 
255 255 255 
190 160 98 
190 161 95 
29 23 23 
255 255 255 
33 23 22 
255 255 255 
26 24 27 
191 159 102 
255 255 255 
255 255 255 
190 162 89 
37 32 29 
255 255 255 
191 159 98 
191 159 100 
191 159 98 
212 38 31 
191 159 98 
255 255 255 
191 159 98 
192 161 104 
255 255 255 
255 255 255 
47 32 11 
191 159 98 
191 159 98 
255 255 255 
191 159 98 
192 162 100 
191 159 98 
188 158 106 
187 157 95 
255 255 255 
36 28 15 
30 26 23 
191 159 98 
195 159 107 
191 159 98 
189 160 100 
193 160 93 
190 158 101 
191 159 98 
189 160 100 
191 159 98 
186 160 101 
255 255 255 
190 158 101 
212 40 30 
40 25 20 
191 159 98 
191 160 96 
255 255 255 
176 154 113 
250 255 255 
191 159 98 
253 255 254 
191 160 95 
188 160 95 
108 96 58 
212 139 94 
195 165 103 
191 159 98 
51 30 11 
251 255 254 
193 52 22 
191 159 98 
193 158 102 
191 159 98 
255 255 255 
191 159 98 
192 161 106 
191 159 98 
31 24 16 
191 159 98 
178 154 108 
255 255 255 
254 255 255 
191 159 98 
188 159 101 
255 249 252 
190 160 98 
193 159 96 
191 159 98 
193 158 100 
255 255 255 
191 159 100 
191 159 98 
191 160 96 
28 22 6 
251 255 255 
186 165 98 
91 75 41 
191 159 98 
130 113 70 
195 161 100 
191 159 98 
255 255 255 
191 159 98 
191 159 98 
210 96 104 
191 159 98 
191 159 98 
194 155 98 
255 255 255 
190 166 102 
193 159 98 
191 159 98 
215 41 32 
43 28 9 
255 255 255 
191 159 98 
190 158 99 
191 155 95 
255 244 246 
105 85 50 
255 255 255 
152 128 104 
190 165 101 
189 161 98 
191 159 98 
193 159 98 
255 253 252 
35 25 13 
189 161 98 
193 159 98 
197 91 67 
191 159 98 
202 45 36 
191 160 95 
77 58 15 
190 160 100 
197 158 91 
191 159 98 
191 159 98 
255 255 255 
189 161 96 
166 143 89 
202 83 51 
191 159 98 
255 241 232 
193 158 100 
191 159 100 
181 159 112 
34 24 23 
255 255 255 
119 99 66 
32 23 26 
255 247 251 
186 160 101 
186 161 104 
191 159 98 
191 159 98 
191 160 96 
190 160 98 
191 159 98 
194 160 99 
33 25 22 
255 255 255 
212 38 29 
190 161 93 
255 237 232 
192 158 97 
190 160 100 
191 159 98 
189 161 96 
193 159 98 
190 159 104 
191 159 98 
142 122 95 
167 145 106 
39 22 6 
218 37 28 
68 53 34 
190 161 95 
42 26 10 
191 159 98 
194 159 95 
187 160 105 
50 30 0 
191 159 98 
191 160 95 
171 143 103 
193 162 107 
195 158 103 
31 27 15 
191 159 98 
196 157 98 
191 159 98 
197 158 101 
192 164 101 
191 159 98 
191 159 98 
191 159 98 
192 156 104 
178 156 106 
191 159 98 
191 160 96 
33 24 15 
187 162 98 
191 159 98 
186 167 111 
255 255 255 
191 159 98 
189 158 101 
30 27 20 
198 164 100 
190 161 93 
33 25 23 
191 159 98 
191 164 109 
194 158 98 
188 157 102 
191 159 98 
191 159 98 
189 159 99 
193 158 100 
184 157 112 
191 159 98 
255 255 255 
189 164 107 
191 159 98 
255 255 255 
255 255 255 
191 159 98 
191 159 98 
255 255 255 
255 255 255 
255 255 255 
255 255 255 
191 159 98 
193 159 96 
190 160 98 
215 146 107 
191 159 98 
255 255 255 
191 159 98 
176 156 119 
191 159 98 
193 158 100 
191 159 98 
191 159 98 
191 159 98 
191 159 98 
193 159 98 
40 26 23 
255 255 255 
191 160 96 
190 161 93 
191 159 98 
191 159 98 
255 255 255 
191 159 102 
32 24 21 
255 255 255 
191 159 98 
255 255 255 
255 255 255 
191 159 98 
34 29 25 
191 159 98 
191 159 98 
182 158 114 
191 159 98 
191 159 98 
191 159 98 
191 159 98 
191 159 98 
191 159 98 
193 158 102 
193 159 98 
191 159 98 
191 159 98 
191 159 98 
190 158 99 
187 158 92 
191 159 98 
255 255 255 
194 158 98 
255 238 239 
29 25 13 
192 163 105 
188 159 99 
189 161 98 
194 158 98 
187 162 95 
255 255 255 
33 27 13 
191 159 98 
191 159 98 
191 159 98 
191 159 98 
191 159 98 
197 158 99 
191 159 98 
190 159 102 
191 159 98 
191 159 98 
191 159 98 
107 88 58 
190 159 102 
255 255 255 
255 255 255 
191 159 98 
40 24 8 
27 22 19 
191 159 98 
194 49 32 
186 160 111 
34 24 15 
191 159 98 
191 159 98 
191 159 98 
255 255 255 
191 159 98 
201 154 98 
197 156 100 
253 253 251 
191 159 98 
36 32 31 
255 255 255 
255 255 255 
192 160 101 
191 159 98 
191 159 98 
209 149 97 
191 159 98 
255 255 255 
191 159 98 
253 255 254 
44 23 18 
255 255 255 
191 159 98 
193 159 98 
191 159 98 
32 13 15 
191 159 98 
191 160 96 
191 159 98 
33 29 17 
191 159 98 
191 159 98 
193 159 98 
255 255 255 
191 159 98 
218 109 78 
191 159 98 
255 255 255 
171 152 110 
191 159 98 
191 159 98 
255 255 255 
37 23 22 
255 255 255 
191 159 98 
255 255 255 
191 160 96 
255 255 255 
191 159 98 
191 159 98 
191 159 98 
255 255 255 
191 159 98 
255 255 255 
191 159 98 
191 159 98 
191 159 98 
191 159 98 
191 159 98 
191 159 98 
191 159 98 
189 160 102 
191 159 98 
255 254 255 
191 159 98 
190 159 102 
191 159 98 
194 50 42 
191 159 98 
191 159 98 
191 160 96 
191 159 98 
191 159 98 
190 160 98 
191 159 98 
191 159 98 
191 159 98 
255 254 255 
191 160 96 
28 25 18 
72 54 30 
191 159 98 
191 159 98 
190 160 98 
191 159 98 
183 158 118 
191 159 98 
35 26 19 
186 161 94 
255 255 255 
191 159 100 
205 152 98 
191 159 98 
214 41 25 
194 158 98 
191 159 98 
255 255 255 
255 255 255 
33 29 4 
255 255 255 
255 255 255 
187 159 111 
255 239 235 
255 253 250 
191 159 98 
191 159 98 
191 159 98 
191 159 98 
191 159 98 
194 52 28 
191 159 98 
255 255 255 
255 255 255 
255 255 255 
194 161 92 
191 159 98 
255 255 255 
251 255 254 
255 255 255 
191 159 98 
191 159 98 
191 159 100 
191 159 98 
211 42 35 
255 255 255 
191 159 98 
191 159 98 
191 159 98 
191 159 98 
191 159 98 
255 255 255 
191 159 98 
255 253 252 
210 38 26 
27 24 19 
255 255 255 
191 159 98 
191 159 98 
255 255 255 
181 180 178 
255 255 255 
255 252 255 
255 255 255 
191 159 98 
191 159 98 
193 157 97 
255 255 255 
191 159 98 
191 159 98 
191 159 98 
191 159 98 
191 159 98 
191 159 98 
191 159 98 
186 40 17 
191 159 98 
255 255 255 
191 159 98 
255 255 255 
191 159 98 
255 255 255 
255 255 255 
255 255 255 
255 255 255 
191 159 98 
255 255 255 
255 255 255 
39 31 28 
255 255 255 
196 157 100 
255 255 255 
191 159 98 
255 255 255 
254 254 254 
255 255 255 
255 255 255 
255 255 255 
191 159 98 
255 255 255 
191 159 98 
255 255 255 
191 159 98 
255 239 233 
255 255 255 
255 255 255 
255 255 255 
255 255 255 
194 158 98 
198 73 51 
255 255 255 
191 159 98 
191 159 98 
23 17 17 
191 159 98 
191 159 98 
210 42 31 
255 255 255 
191 159 98 
255 255 255 
251 253 250 
255 255 255 
191 159 98 
255 255 255 
255 255 255 
191 159 98 
191 159 98 
255 255 255 
191 159 98 
191 159 98 
255 255 255 
255 254 255 
251 255 254 
255 255 255 
191 159 98 
255 255 255 
191 159 98 
254 254 254 
191 159 98 
255 255 255 
255 255 255 
191 159 98 
255 255 255 
255 255 255 
255 250 254 
255 255 255 
255 255 255 
255 255 255 
191 159 98 
255 255 255 
255 250 255 
255 255 255 
195 54 44 
255 255 255 
255 255 255 
255 255 255 
191 159 98 
255 255 255 
255 255 255 
255 255 255 
191 159 98 
255 255 255 
191 159 98 
191 159 98 
190 160 98 
31 26 23 
200 166 105 
255 255 255 
255 255 255 
255 255 255 
190 160 98 
255 255 255 
251 248 255 
255 255 255 
189 161 98 
191 159 98 
191 159 98 
255 255 255 
255 255 255 
191 159 98 
190 160 98 
255 255 255 
191 159 98 
255 255 255 
197 157 98 
190 160 98 
191 159 98 
211 122 78 
255 255 255 
254 255 250 
196 46 31 
255 255 255 
194 157 102 
191 159 98 
255 254 255 
255 255 255 
255 255 255 
255 255 253 
191 159 98 
255 255 255 
255 255 253 
206 86 52 
221 42 35 
255 255 255 
197 158 99 
250 255 254 
191 159 98 
255 255 255 
193 159 98 
29 24 21 
189 165 103 
220 39 30 
191 159 98 
255 244 243 
255 255 255 
255 249 255 
255 255 255 
180 48 44 
214 40 31 
183 164 98 
255 252 254 
255 255 255 
190 160 98 
189 161 98 
171 167 166 
255 255 255 
255 252 254 
255 255 255 
30 24 24 
255 255 255 
187 162 98 
191 159 98 
255 255 255 
88 87 85 
255 255 255 
204 145 101 
244 243 241 
192 160 99 
181 59 36 
254 253 251 
213 32 21 
255 255 255 
196 157 98 
255 250 247 
255 245 231 
255 255 255 
255 255 255 
215 45 30 
251 255 254 
255 255 255 
255 255 255 
255 255 255 
255 255 255 
255 255 255 
255 255 255 
255 255 255 
255 255 255 
250 254 253 
255 255 255 
255 255 255 
255 255 255 
253 253 251 
254 255 255 
255 255 255 
255 255 255 
120 116 117 
255 252 255 
255 255 255 
255 255 255 
255 255 255 
255 255 255 
191 159 98 
255 255 255 
255 255 255 
255 255 255 
255 255 255 
255 255 246 
255 255 255 
255 255 255 
27 21 21 
35 30 26 
212 41 33 
255 255 255 
255 255 255 
255 255 255 
253 255 254 
255 255 255 
255 255 255 
255 255 255 
191 159 98 
255 254 255 
255 255 255 
255 255 255 
255 255 255 
255 255 255 
255 255 255 
193 157 95 
255 255 255 
255 255 255 
255 255 255 
255 255 255 
255 255 255 
255 255 255 
249 249 247 
210 37 30 
255 255 255 
255 255 255 
255 255 255 
255 255 255 
252 254 251 
255 255 255 
250 255 252 
255 255 255 
245 245 245 
249 248 246 
255 255 255 
255 255 255 
255 255 255 
255 255 255 
255 252 254 
253 255 254 
254 255 255 
253 253 253 
253 255 250 
253 249 240 
255 255 255 
255 255 255 
255 254 252 
255 255 255 
255 255 255 
196 49 41 
255 255 255 
34 30 27 
255 255 255 
255 255 255 
32 24 22 
255 255 255 
255 255 255 
255 255 255 
184 183 181 
255 255 255 
255 255 255 
255 255 255 
255 255 255 
255 255 255 
255 255 255 
255 255 255 
255 255 255 
255 255 253 
255 255 255 
255 255 255 
255 255 255 
252 255 255 
255 255 255 
251 251 251 
251 255 254 
255 255 255 
255 255 255 
255 255 255 
255 255 255 
255 255 255 
255 255 255 
255 255 255 
255 255 255 
255 255 255 
255 255 255 
254 254 255 
255 255 255 
255 255 255 
255 255 255 
255 255 255 
255 255 255 
255 255 255 
238 237 235 
255 255 255 
255 255 255 
255 255 255 
255 255 255 
255 255 255 
253 254 255 
28 23 20 
255 255 255 
254 255 255 
255 255 255 
255 255 255 
255 255 255 
246 246 246 
255 255 255 
255 255 255 
255 255 255 
255 255 255 
255 255 255 
251 250 248 
252 252 252 
255 255 255 
255 255 255 
255 255 255 
255 255 255 
252 252 252 
34 29 26 
24 20 19 
255 255 255 
255 255 255 
255 255 255 
255 255 255 
255 255 255 
238 237 235 
255 255 255 
255 255 255 
255 255 255 
255 255 255 
255 255 255 
255 255 255 
255 255 255 
255 255 255 
105 104 102 
255 255 255 
255 255 255 
255 255 255 
255 255 255 
128 124 123 
255 255 255 
255 255 255 
255 255 255 
255 255 253 
255 255 255 
255 255 255 
255 255 255 
255 255 255 
255 255 253 
255 255 255 
255 255 255 
255 255 255 
34 29 26 
255 255 255 
255 255 255 
255 255 255 
255 255 255 
255 255 255 
255 255 255 
255 255 255 
255 255 255 
254 255 255 
255 255 255 
255 255 255 
255 255 255 
255 255 255 
255 255 255 
255 255 255 
255 255 255 
255 255 255 
255 255 255 
255 255 255 
103 101 102 
255 255 255 
255 255 255 
255 255 255 
20 15 12 
255 255 255 
255 255 255 
255 255 255 
255 255 255 
255 254 252 
255 255 255 
255 255 255 
255 255 255 
255 255 255 
255 255 255 
255 255 255 
255 255 255 
255 255 255 
255 255 255 
255 255 255 
255 255 255 
255 255 255 
255 255 255 
255 255 255 
255 255 255 
255 255 255 
255 255 255 
255 255 255 
255 255 255 
255 255 255 
255 255 255 
255 255 255 
255 255 255 
255 255 255 
255 255 255 
255 255 255 
255 255 255 
255 255 255 
255 255 255 
255 255 255 
255 255 255 
255 255 255 
255 255 255 
255 255 255 
255 255 255 
255 255 255 
255 255 255 
255 255 255 
255 255 255 
255 255 255 
255 255 255 
255 255 255 
255 255 255 
255 255 255 
255 255 255 
255 255 255 
255 255 255 
255 255 255 
255 255 255 
255 255 255 
255 255 255 
255 255 255 
255 255 255 
255 255 255 
255 255 255 
255 255 255 
255 255 255 
255 255 255 
255 255 255 
255 255 255 
255 255 255 
255 255 255 
255 255 255 
255 255 255 
255 255 255 
255 255 255 
255 255 255 
255 255 255 
255 255 255 
255 255 255 
255 255 255 
